-1.023962057155951844e-01
-1.023962057155960587e-01
-1.023962057155948790e-01
-1.023962057155954203e-01
-1.023962057155946570e-01
-1.023962057155996391e-01
-1.023962057155974187e-01
-1.023962057155955591e-01
-1.023962057155924366e-01
-1.023962057155922145e-01
-1.023962057155945043e-01
-1.023962057155971966e-01
2.642116449790649302e+00
2.642116449790254062e+00
2.642116449790476995e+00
2.642116449790600452e+00
2.642116449790413935e+00
2.642116449790577359e+00
2.642116449790407717e+00
2.642116449790665289e+00
2.642116449790497423e+00
2.642116449790325117e+00
2.642116449790399724e+00
2.642116449790457899e+00
2.642116449790504085e+00
2.642116449790479216e+00
2.642116449790474331e+00
2.642116449790637756e+00
2.642116449790443689e+00
2.642116449790614219e+00
2.642116449790619548e+00
2.642116449790506749e+00
2.642116449790492538e+00
2.642116449790424593e+00
2.642116449790550714e+00
2.642116449790474775e+00
2.642116449790607113e+00
2.642116449790581800e+00
2.642116449790509858e+00
2.642116449790385513e+00
2.642116449790468113e+00
2.642116449790563149e+00
2.642116449790481436e+00
2.642116449790578248e+00
2.642116449790535171e+00
2.642116449790448574e+00
2.642116449790430810e+00
2.642116449790533839e+00
2.642116449790435695e+00
2.642116449790479216e+00
2.642116449790378407e+00
2.642116449790487653e+00
2.642116449790381516e+00
2.642116449790619104e+00
2.642116449790436139e+00
2.642116449790431254e+00
2.642116449790497867e+00
2.642116449790480104e+00
2.642116449790505417e+00
2.642116449790307353e+00
2.642116449790553379e+00
2.642116449790298471e+00
2.642116449790436139e+00
2.642116449790566701e+00
2.642116449790559596e+00
2.642116449790515631e+00
2.642116449790617327e+00
2.642116449790783417e+00
2.642116449790564481e+00
2.642116449790492982e+00
2.642116449790549826e+00
2.642116449790508970e+00
3.108029535089698037e+00
3.108029535089666062e+00
3.108029535089713580e+00
3.108029535089833484e+00
3.108029535089709139e+00
3.108029535089736228e+00
3.108029535089703366e+00
3.108029535089749995e+00
3.108029535089703810e+00
3.108029535089625206e+00
3.108029535089728235e+00
3.108029535089722906e+00
3.108029535089767759e+00
3.108029535089676720e+00
3.108029535089783302e+00
3.108029535089688267e+00
3.108029535089723794e+00
3.108029535089758433e+00
3.108029535089786410e+00
3.108029535089732676e+00
3.108029535089742446e+00
3.108029535089676276e+00
3.108029535089738005e+00
3.108029535089737116e+00
3.108029535089769979e+00
3.108029535089843698e+00
3.108029535089757989e+00
3.108029535089651851e+00
3.108029535089722462e+00
3.108029535089694928e+00
3.108029535089696260e+00
3.108029535089766870e+00
3.108029535089686490e+00
3.108029535089757989e+00
3.108029535089735784e+00
3.108029535089748663e+00
3.108029535089698925e+00
3.108029535089713136e+00
3.108029535089726458e+00
3.108029535089659845e+00
3.108029535089680717e+00
3.108029535089753992e+00
3.108029535089677609e+00
3.108029535089837037e+00
3.108029535089703810e+00
3.108029535089682494e+00
3.108029535089695816e+00
3.108029535089688267e+00
3.108029535089772200e+00
3.108029535089638529e+00
3.108029535089685602e+00
3.108029535089747775e+00
3.108029535089688711e+00
3.108029535089735784e+00
3.108029535089742890e+00
3.108029535089783746e+00
3.108029535089677164e+00
3.108029535089769091e+00
3.108029535089810835e+00
3.108029535089702922e+00
4.345528527615061809e-01
4.345528527609809899e-01
4.345528527613316538e-01
4.345528527614686554e-01
4.345528527612009251e-01
4.345528527614149206e-01
4.345528527612191327e-01
4.345528527615780678e-01
4.345528527613212733e-01
4.345528527610465486e-01
4.345528527612140257e-01
4.345528527612578240e-01
4.345528527613664038e-01
4.345528527612914083e-01
4.345528527613019554e-01
4.345528527615145076e-01
4.345528527612440572e-01
4.345528527614747616e-01
4.345528527615130643e-01
4.345528527613325420e-01
4.345528527613052860e-01
4.345528527611956515e-01
4.345528527614039294e-01
4.345528527612849135e-01
4.345528527614894720e-01
4.345528527614764824e-01
4.345528527613635172e-01
4.345528527611574043e-01
4.345528527612863012e-01
4.345528527613823910e-01
4.345528527612865788e-01
4.345528527614296310e-01
4.345528527613632397e-01
4.345528527612507186e-01
4.345528527612223524e-01
4.345528527613908287e-01
4.345528527612190217e-01
4.345528527613239933e-01
4.345528527611470238e-01
4.345528527613147229e-01
4.345528527611765557e-01
4.345528527614648251e-01
4.345528527612379510e-01
4.345528527612363412e-01
4.345528527613223835e-01
4.345528527612977365e-01
4.345528527613189973e-01
4.345528527610610925e-01
4.345528527614306857e-01
4.345528527610510450e-01
4.345528527612121938e-01
4.345528527614213044e-01
4.345528527614018199e-01
4.345528527613215508e-01
4.345528527614578307e-01
4.345528527616945302e-01
4.345528527614508918e-01
4.345528527613097824e-01
4.345528527614266334e-01
4.345528527613065628e-01
1.484936140718456032e+00
1.484936140717961317e+00
1.484936140718288611e+00
1.484936140718482012e+00
1.484936140718202680e+00
1.484936140718392972e+00
1.484936140718195352e+00
1.484936140718528641e+00
1.484936140718287723e+00
1.484936140717983299e+00
1.484936140718226438e+00
1.484936140718234654e+00
1.484936140718343456e+00
1.484936140718247755e+00
1.484936140718317032e+00
1.484936140718448927e+00
1.484936140718217334e+00
1.484936140718447817e+00
1.484936140718484676e+00
1.484936140718277509e+00
1.484936140718283948e+00
1.484936140718164488e+00
1.484936140718379649e+00
1.484936140718249975e+00
1.484936140718462028e+00
1.484936140718484898e+00
1.484936140718356112e+00
1.484936140718114306e+00
1.484936140718271957e+00
1.484936140718342124e+00
1.484936140718258413e+00
1.484936140718420061e+00
1.484936140718321917e+00
1.484936140718269293e+00
1.484936140718216002e+00
1.484936140718353670e+00
1.484936140718179587e+00
1.484936140718314812e+00
1.484936140718137842e+00
1.484936140718255304e+00
1.484936140718131181e+00
1.484936140718430275e+00
1.484936140718179809e+00
1.484936140718285946e+00
1.484936140718287279e+00
1.484936140718215558e+00
1.484936140718261743e+00
1.484936140718055464e+00
1.484936140718407183e+00
1.484936140717999731e+00
1.484936140718182918e+00
1.484936140718383202e+00
1.484936140718357001e+00
1.484936140718309261e+00
1.484936140718436937e+00
1.484936140718653430e+00
1.484936140718366993e+00
1.484936140718315922e+00
1.484936140718423392e+00
1.484936140718283504e+00
2.208017697752572062e+00
2.208017697752336694e+00
2.208017697752545416e+00
2.208017697752774122e+00
2.208017697752518327e+00
2.208017697752608477e+00
2.208017697752485020e+00
2.208017697752667097e+00
2.208017697752526765e+00
2.208017697752263864e+00
2.208017697752515662e+00
2.208017697752514774e+00
2.208017697752578723e+00
2.208017697752432618e+00
2.208017697752605368e+00
2.208017697752534758e+00
2.208017697752525876e+00
2.208017697752644448e+00
2.208017697752691078e+00
2.208017697752546304e+00
2.208017697752554298e+00
2.208017697752446828e+00
2.208017697752607589e+00
2.208017697752552078e+00
2.208017697752666653e+00
2.208017697752730601e+00
2.208017697752616471e+00
2.208017697752350461e+00
2.208017697752533870e+00
2.208017697752522324e+00
2.208017697752501451e+00
2.208017697752624020e+00
2.208017697752518327e+00
2.208017697752602704e+00
2.208017697752526320e+00
2.208017697752579611e+00
2.208017697752445940e+00
2.208017697752532094e+00
2.208017697752480135e+00
2.208017697752452602e+00
2.208017697752465480e+00
2.208017697752593822e+00
2.208017697752461039e+00
2.208017697752659103e+00
2.208017697752484132e+00
2.208017697752447717e+00
2.208017697752504116e+00
2.208017697752400643e+00
2.208017697752647557e+00
2.208017697752364672e+00
2.208017697752457487e+00
2.208017697752635122e+00
2.208017697752537867e+00
2.208017697752584940e+00
2.208017697752649777e+00
2.208017697752721720e+00
2.208017697752528541e+00
2.208017697752580055e+00
2.208017697752693742e+00
2.208017697752537867e+00
2.208717330720595839e+00
2.208717330720688654e+00
2.208717330720702865e+00
2.208717330720946226e+00
2.208717330720793015e+00
2.208717330720715299e+00
2.208717330720722849e+00
2.208717330720683769e+00
2.208717330720678440e+00
2.208717330720511018e+00
2.208717330720768590e+00
2.208717330720755712e+00
2.208717330720746386e+00
2.208717330720611383e+00
2.208717330720843641e+00
2.208717330720548766e+00
2.208717330720745053e+00
2.208717330720730398e+00
2.208717330720811223e+00
2.208717330720716632e+00
2.208717330720745053e+00
2.208717330720646022e+00
2.208717330720782801e+00
2.208717330720801897e+00
2.208717330720759708e+00
2.208717330720905370e+00
2.208717330720807226e+00
2.208717330720590954e+00
2.208717330720761929e+00
2.208717330720634919e+00
2.208717330720657124e+00
2.208717330720767702e+00
2.208717330720654903e+00
2.208717330720891603e+00
2.208717330720772587e+00
2.208717330720749494e+00
2.208717330720650462e+00
2.208717330720700200e+00
2.208717330720801453e+00
2.208717330720567862e+00
2.208717330720730398e+00
2.208717330720701977e+00
2.208717330720639360e+00
2.208717330721000849e+00
2.208717330720652239e+00
2.208717330720601613e+00
2.208717330720685101e+00
2.208717330720737504e+00
2.208717330720797456e+00
2.208717330720673555e+00
2.208717330720694427e+00
2.208717330720752603e+00
2.208717330720664229e+00
2.208717330720752603e+00
2.208717330720807226e+00
2.208717330720693983e+00
2.208717330720570526e+00
2.208717330720814775e+00
2.208717330720892491e+00
2.208717330720757932e+00
1.486765054984512169e+00
1.486765054984831913e+00
1.486765054984725998e+00
1.486765054984968026e+00
1.486765054984880319e+00
1.486765054984668266e+00
1.486765054984791279e+00
1.486765054984615420e+00
1.486765054984675372e+00
1.486765054984592549e+00
1.486765054984861667e+00
1.486765054984802381e+00
1.486765054984766188e+00
1.486765054984610757e+00
1.486765054984903189e+00
1.486765054984436452e+00
1.486765054984825696e+00
1.486765054984657608e+00
1.486765054984764189e+00
1.486765054984758416e+00
1.486765054984757084e+00
1.486765054984673595e+00
1.486765054984795942e+00
1.486765054984885426e+00
1.486765054984740431e+00
1.486765054984914958e+00
1.486765054984827028e+00
1.486765054984640289e+00
1.486765054984782619e+00
1.486765054984619194e+00
1.486765054984652279e+00
1.486765054984729328e+00
1.486765054984636070e+00
1.486765054984981793e+00
1.486765054984828360e+00
1.486765054984751311e+00
1.486765054984693579e+00
1.486765054984722223e+00
1.486765054984908518e+00
1.486765054984554135e+00
1.486765054984815704e+00
1.486765054984667600e+00
1.486765054984698908e+00
1.486765054985130785e+00
1.486765054984659606e+00
1.486765054984632073e+00
1.486765054984716672e+00
1.486765054984858114e+00
1.486765054984831913e+00
1.486765054984789947e+00
1.486765054984756862e+00
1.486765054984753087e+00
1.486765054984641399e+00
1.486765054984740875e+00
1.486765054984760859e+00
1.486765054984541479e+00
1.486765054984509282e+00
1.486765054984848788e+00
1.486765054984960255e+00
1.486765054984768852e+00
-8.567820934875376437e-01
-8.567820934877505845e-01
-8.567820934876031469e-01
-8.567820934875488570e-01
-8.567820934876576588e-01
-8.567820934875761685e-01
-8.567820934876558825e-01
-8.567820934874990080e-01
-8.567820934876064776e-01
-8.567820934877240502e-01
-8.567820934876422267e-01
-8.567820934876411165e-01
-8.567820934875921557e-01
-8.567820934876222427e-01
-8.567820934876212435e-01
-8.567820934875258754e-01
-8.567820934876401173e-01
-8.567820934875368666e-01
-8.567820934875305383e-01
-8.567820934876122507e-01
-8.567820934876061445e-01
-8.567820934876628769e-01
-8.567820934875782779e-01
-8.567820934876231309e-01
-8.567820934875404193e-01
-8.567820934875515215e-01
-8.567820934875952643e-01
-8.567820934876819727e-01
-8.567820934876283490e-01
-8.567820934875911565e-01
-8.567820934876301253e-01
-8.567820934875529648e-01
-8.567820934875856054e-01
-8.567820934876388961e-01
-8.567820934876504424e-01
-8.567820934875780559e-01
-8.567820934876515526e-01
-8.567820934875949312e-01
-8.567820934876841932e-01
-8.567820934876057004e-01
-8.567820934876698713e-01
-8.567820934875524097e-01
-8.567820934876446692e-01
-8.567820934876447803e-01
-8.567820934876029249e-01
-8.567820934876254624e-01
-8.567820934876125838e-01
-8.567820934877204975e-01
-8.567820934875638450e-01
-8.567820934877279360e-01
-8.567820934876474448e-01
-8.567820934875698402e-01
-8.567820934875802763e-01
-8.567820934876094752e-01
-8.567820934875586270e-01
-8.567820934874577077e-01
-8.567820934875528538e-01
-8.567820934876044792e-01
-8.567820934875628458e-01
-8.567820934876175798e-01
-4.746264108109759516e-01
-4.746264108113478208e-01
-4.746264108110950231e-01
-4.746264108109861657e-01
-4.746264108111798996e-01
-4.746264108110387347e-01
-4.746264108111756252e-01
-4.746264108109175539e-01
-4.746264108110980762e-01
-4.746264108113122937e-01
-4.746264108111563629e-01
-4.746264108111540314e-01
-4.746264108110798685e-01
-4.746264108111296620e-01
-4.746264108111092894e-01
-4.746264108109747304e-01
-4.746264108111605262e-01
-4.746264108109803370e-01
-4.746264108109692348e-01
-4.746264108111035718e-01
-4.746264108111039604e-01
-4.746264108111886149e-01
-4.746264108110355706e-01
-4.746264108111294400e-01
-4.746264108109777835e-01
-4.746264108109953250e-01
-4.746264108110643809e-01
-4.746264108112296931e-01
-4.746264108111392654e-01
-4.746264108110659352e-01
-4.746264108111345470e-01
-4.746264108110095359e-01
-4.746264108110718749e-01
-4.746264108111413194e-01
-4.746264108111667435e-01
-4.746264108110596625e-01
-4.746264108111762359e-01
-4.746264108110836433e-01
-4.746264108112244196e-01
-4.746264108111110658e-01
-4.746264108112186464e-01
-4.746264108110143098e-01
-4.746264108111747371e-01
-4.746264108111421520e-01
-4.746264108111020175e-01
-4.746264108111368785e-01
-4.746264108111187263e-01
-4.746264108112954183e-01
-4.746264108110188062e-01
-4.746264108113178448e-01
-4.746264108111782343e-01
-4.746264108110360702e-01
-4.746264108110460622e-01
-4.746264108110876956e-01
-4.746264108109992108e-01
-4.746264108108504964e-01
-4.746264108110198610e-01
-4.746264108110930247e-01
-4.746264108110144209e-01
-4.746264108111049596e-01
1.850636024128634038e-01
1.850636024124234780e-01
1.850636024127162993e-01
1.850636024129110879e-01
1.850636024126376677e-01
1.850636024128088641e-01
1.850636024126299239e-01
1.850636024129372337e-01
1.850636024127259860e-01
1.850636024124300838e-01
1.850636024126620649e-01
1.850636024126645629e-01
1.850636024127491064e-01
1.850636024126709744e-01
1.850636024127375046e-01
1.850636024128428925e-01
1.850636024126698365e-01
1.850636024128652635e-01
1.850636024129016233e-01
1.850636024127091384e-01
1.850636024127181034e-01
1.850636024126032786e-01
1.850636024128096968e-01
1.850636024127002288e-01
1.850636024128800572e-01
1.850636024128778367e-01
1.850636024127798596e-01
1.850636024125525414e-01
1.850636024126938173e-01
1.850636024127610135e-01
1.850636024126845192e-01
1.850636024128371471e-01
1.850636024127353951e-01
1.850636024126999235e-01
1.850636024126561530e-01
1.850636024127773338e-01
1.850636024126185719e-01
1.850636024127368939e-01
1.850636024125872914e-01
1.850636024126898760e-01
1.850636024125837387e-01
1.850636024128201051e-01
1.850636024126372514e-01
1.850636024127223500e-01
1.850636024127054469e-01
1.850636024126461054e-01
1.850636024126976753e-01
1.850636024125001389e-01
1.850636024128353430e-01
1.850636024124600321e-01
1.850636024126155188e-01
1.850636024128201607e-01
1.850636024127752521e-01
1.850636024127439438e-01
1.850636024128632651e-01
1.850636024130217494e-01
1.850636024127805812e-01
1.850636024127442492e-01
1.850636024128512747e-01
1.850636024127275125e-01
8.366615575532101445e-01
8.366615575528398852e-01
8.366615575531181070e-01
8.366615575533317140e-01
8.366615575530524929e-01
8.366615575531896054e-01
8.366615575530534921e-01
8.366615575532567739e-01
8.366615575531073379e-01
8.366615575528180138e-01
8.366615575530924609e-01
8.366615575530836901e-01
8.366615575531318738e-01
8.366615575530301774e-01
8.366615575531689553e-01
8.366615575531679561e-01
8.366615575530828020e-01
8.366615575532436733e-01
8.366615575532843074e-01
8.366615575531075599e-01
8.366615575531257676e-01
8.366615575530041982e-01
8.366615575532106996e-01
8.366615575531097804e-01
8.366615575532380111e-01
8.366615575532939664e-01
8.366615575532082572e-01
8.366615575529265936e-01
8.366615575530927940e-01
8.366615575531378690e-01
8.366615575530655935e-01
8.366615575532363458e-01
8.366615575530990112e-01
8.366615575531365367e-01
8.366615575530624849e-01
8.366615575531566318e-01
8.366615575530285120e-01
8.366615575531265447e-01
8.366615575530365057e-01
8.366615575530366167e-01
8.366615575529884330e-01
8.366615575531844984e-01
8.366615575530162996e-01
8.366615575531974880e-01
8.366615575530841342e-01
8.366615575530059745e-01
8.366615575530704785e-01
8.366615575529302573e-01
8.366615575532205806e-01
8.366615575528710824e-01
8.366615575530081950e-01
8.366615575531869409e-01
8.366615575531436422e-01
8.366615575531567428e-01
8.366615575532534432e-01
8.366615575533526972e-01
8.366615575531216598e-01
8.366615575531713977e-01
8.366615575532631022e-01
8.366615575531224369e-01
1.110845228950533059e+00
1.110845228950407160e+00
1.110845228950536168e+00
1.110845228950798846e+00
1.110845228950568364e+00
1.110845228950575470e+00
1.110845228950519292e+00
1.110845228950606778e+00
1.110845228950521957e+00
1.110845228950289254e+00
1.110845228950570585e+00
1.110845228950568586e+00
1.110845228950576580e+00
1.110845228950446240e+00
1.110845228950641861e+00
1.110845228950445351e+00
1.110845228950549490e+00
1.110845228950610997e+00
1.110845228950673613e+00
1.110845228950551711e+00
1.110845228950565922e+00
1.110845228950452457e+00
1.110845228950627206e+00
1.110845228950598784e+00
1.110845228950646746e+00
1.110845228950753993e+00
1.110845228950642083e+00
1.110845228950389840e+00
1.110845228950570807e+00
1.110845228950523511e+00
1.110845228950486208e+00
1.110845228950613661e+00
1.110845228950497088e+00
1.110845228950666730e+00
1.110845228950559926e+00
1.110845228950580577e+00
1.110845228950470220e+00
1.110845228950539720e+00
1.110845228950573915e+00
1.110845228950418040e+00
1.110845228950483321e+00
1.110845228950565255e+00
1.110845228950451791e+00
1.110845228950751107e+00
1.110845228950474661e+00
1.110845228950433139e+00
1.110845228950511077e+00
1.110845228950485986e+00
1.110845228950654295e+00
1.110845228950397168e+00
1.110845228950477770e+00
1.110845228950610553e+00
1.110845228950527952e+00
1.110845228950589680e+00
1.110845228950648522e+00
1.110845228950636532e+00
1.110845228950451569e+00
1.110845228950617436e+00
1.110845228950729346e+00
1.110845228950556152e+00
8.652270665975058117e-01
8.652270665976161679e-01
8.652270665976339314e-01
8.652270665979088227e-01
8.652270665977314090e-01
8.652270665976086184e-01
8.652270665976767861e-01
8.652270665975738684e-01
8.652270665976024011e-01
8.652270665974313157e-01
8.652270665977117581e-01
8.652270665976964370e-01
8.652270665976611319e-01
8.652270665975205777e-01
8.652270665977817021e-01
8.652270665974265418e-01
8.652270665976885544e-01
8.652270665976280473e-01
8.652270665977218611e-01
8.652270665976582453e-01
8.652270665976617980e-01
8.652270665975829722e-01
8.652270665977205288e-01
8.652270665977572772e-01
8.652270665976701247e-01
8.652270665978269992e-01
8.652270665977492836e-01
8.652270665975130282e-01
8.652270665976807829e-01
8.652270665975637653e-01
8.652270665975538844e-01
8.652270665976740105e-01
8.652270665975485553e-01
8.652270665978373243e-01
8.652270665976905528e-01
8.652270665976649067e-01
8.652270665975729802e-01
8.652270665976203867e-01
8.652270665977541686e-01
8.652270665974781672e-01
8.652270665976625752e-01
8.652270665976141695e-01
8.652270665975677622e-01
8.652270665979556741e-01
8.652270665975643205e-01
8.652270665975299035e-01
8.652270665976261599e-01
8.652270665976800057e-01
8.652270665977525033e-01
8.652270665976182773e-01
8.652270665976052877e-01
8.652270665976965480e-01
8.652270665975866359e-01
8.652270665976922182e-01
8.652270665977236375e-01
8.652270665975744235e-01
8.652270665974740593e-01
8.652270665977449537e-01
8.652270665978559760e-01
8.652270665976844466e-01
2.487823888996449906e-01
2.487823888998945132e-01
2.487823888998134669e-01
2.487823889000680688e-01
2.487823888999662614e-01
2.487823888997750810e-01
2.487823888998879907e-01
2.487823888997219568e-01
2.487823888997802435e-01
2.487823888997140742e-01
2.487823888999421140e-01
2.487823888998939859e-01
2.487823888998642874e-01
2.487823888997329203e-01
2.487823888999693422e-01
2.487823888995674138e-01
2.487823888999027566e-01
2.487823888997673649e-01
2.487823888998613453e-01
2.487823888998501320e-01
2.487823888998524913e-01
2.487823888997880706e-01
2.487823888998914323e-01
2.487823888999768085e-01
2.487823888998413335e-01
2.487823889000007893e-01
2.487823888999329547e-01
2.487823888997547639e-01
2.487823888998924871e-01
2.487823888997325872e-01
2.487823888997522381e-01
2.487823888998334232e-01
2.487823888997316435e-01
2.487823889000589372e-01
2.487823888999055877e-01
2.487823888998381139e-01
2.487823888998110800e-01
2.487823888998255684e-01
2.487823888999808331e-01
2.487823888996643640e-01
2.487823888998910715e-01
2.487823888997550970e-01
2.487823888997879040e-01
2.487823889001634647e-01
2.487823888997570121e-01
2.487823888997349187e-01
2.487823888998340893e-01
2.487823888999425304e-01
2.487823888999183830e-01
2.487823888998771382e-01
2.487823888998287047e-01
2.487823888998715594e-01
2.487823888997547361e-01
2.487823888998546562e-01
2.487823888998583199e-01
2.487823888996604504e-01
2.487823888996242849e-01
2.487823888999363131e-01
2.487823889000301825e-01
2.487823888998561828e-01
-4.100842040824015378e-01
-4.100842040821203738e-01
-4.100842040822449408e-01
-4.100842040820583678e-01
-4.100842040820995016e-01
-4.100842040822748613e-01
-4.100842040821618406e-01
-4.100842040823253210e-01
-4.100842040822637036e-01
-4.100842040822985091e-01
-4.100842040821194856e-01
-4.100842040821613965e-01
-4.100842040822073042e-01
-4.100842040822978984e-01
-4.100842040821072176e-01
-4.100842040824596024e-01
-4.100842040821398027e-01
-4.100842040822902379e-01
-4.100842040822060830e-01
-4.100842040822051393e-01
-4.100842040822045842e-01
-4.100842040822539891e-01
-4.100842040821787715e-01
-4.100842040821099377e-01
-4.100842040822234580e-01
-4.100842040821083834e-01
-4.100842040821555678e-01
-4.100842040822690326e-01
-4.100842040821798817e-01
-4.100842040823123869e-01
-4.100842040822784695e-01
-4.100842040822297863e-01
-4.100842040823066692e-01
-4.100842040820258383e-01
-4.100842040821390255e-01
-4.100842040822100243e-01
-4.100842040822426648e-01
-4.100842040822230139e-01
-4.100842040820822376e-01
-4.100842040823527990e-01
-4.100842040821509049e-01
-4.100842040822814116e-01
-4.100842040822297307e-01
-4.100842040819399625e-01
-4.100842040822895163e-01
-4.100842040822864631e-01
-4.100842040822292867e-01
-4.100842040821160439e-01
-4.100842040821579548e-01
-4.100842040821534584e-01
-4.100842040822108014e-01
-4.100842040822061385e-01
-4.100842040822875734e-01
-4.100842040822195722e-01
-4.100842040822263446e-01
-4.100842040823984291e-01
-4.100842040824017043e-01
-4.100842040821366385e-01
-4.100842040820660839e-01
-4.100842040822136880e-01
-8.376982542797143383e-01
-8.376982542796572728e-01
-8.376982542796920228e-01
-8.376982542797021258e-01
-8.376982542796779230e-01
-8.376982542797083431e-01
-8.376982542796820308e-01
-8.376982542797094533e-01
-8.376982542796884701e-01
-8.376982542796717057e-01
-8.376982542796748143e-01
-8.376982542796942433e-01
-8.376982542796973519e-01
-8.376982542796883591e-01
-8.376982542796950204e-01
-8.376982542797118958e-01
-8.376982542796763687e-01
-8.376982542797004605e-01
-8.376982542797077880e-01
-8.376982542796962417e-01
-8.376982542796874709e-01
-8.376982542796885811e-01
-8.376982542797009046e-01
-8.376982542796848064e-01
-8.376982542797084541e-01
-8.376982542797114517e-01
-8.376982542796944653e-01
-8.376982542796806985e-01
-8.376982542796945763e-01
-8.376982542797080100e-01
-8.376982542796962417e-01
-8.376982542796933551e-01
-8.376982542796875819e-01
-8.376982542796873599e-01
-8.376982542796798104e-01
-8.376982542796952425e-01
-8.376982542796813647e-01
-8.376982542796825859e-01
-8.376982542796794773e-01
-8.376982542796818088e-01
-8.376982542796772568e-01
-8.376982542797033471e-01
-8.376982542796795883e-01
-8.376982542796841402e-01
-8.376982542796941322e-01
-8.376982542796912456e-01
-8.376982542796965747e-01
-8.376982542796742592e-01
-8.376982542796952425e-01
-8.376982542796753695e-01
-8.376982542796730380e-01
-8.376982542796994613e-01
-8.376982542797070108e-01
-8.376982542797000164e-01
-8.376982542797078990e-01
-8.376982542797248854e-01
-8.376982542796992393e-01
-8.376982542796868048e-01
-8.376982542796931330e-01
-8.376982542796924669e-01
-1.006317314561648635e+00
-1.006317314561691934e+00
-1.006317314561658627e+00
-1.006317314561639753e+00
-1.006317314561668175e+00
-1.006317314561658627e+00
-1.006317314561669507e+00
-1.006317314561632426e+00
-1.006317314561655074e+00
-1.006317314561693044e+00
-1.006317314561656850e+00
-1.006317314561677279e+00
-1.006317314561660181e+00
-1.006317314561665288e+00
-1.006317314561667731e+00
-1.006317314561647969e+00
-1.006317314561658183e+00
-1.006317314561634424e+00
-1.006317314561640641e+00
-1.006317314561663734e+00
-1.006317314561655740e+00
-1.006317314561679277e+00
-1.006317314561651965e+00
-1.006317314561661513e+00
-1.006317314561646636e+00
-1.006317314561653964e+00
-1.006317314561653742e+00
-1.006317314561682830e+00
-1.006317314561672616e+00
-1.006317314561665066e+00
-1.006317314561668175e+00
-1.006317314561634646e+00
-1.006317314561649523e+00
-1.006317314561668841e+00
-1.006317314561667065e+00
-1.006317314561653742e+00
-1.006317314561667731e+00
-1.006317314561645082e+00
-1.006317314561677723e+00
-1.006317314561649079e+00
-1.006317314561677945e+00
-1.006317314561647969e+00
-1.006317314561667065e+00
-1.006317314561667065e+00
-1.006317314561664178e+00
-1.006317314561666620e+00
-1.006317314561670173e+00
-1.006317314561693266e+00
-1.006317314561642196e+00
-1.006317314561702148e+00
-1.006317314561665510e+00
-1.006317314561650189e+00
-1.006317314561661291e+00
-1.006317314561666398e+00
-1.006317314561648635e+00
-1.006317314561625986e+00
-1.006317314561645082e+00
-1.006317314561652188e+00
-1.006317314561642196e+00
-1.006317314561659293e+00
-9.973392988286364780e-01
-9.973392988288015681e-01
-9.973392988286822192e-01
-9.973392988286208238e-01
-9.973392988287237415e-01
-9.973392988286661209e-01
-9.973392988287231864e-01
-9.973392988286080563e-01
-9.973392988286804428e-01
-9.973392988287927974e-01
-9.973392988286992056e-01
-9.973392988287177463e-01
-9.973392988286808869e-01
-9.973392988287104188e-01
-9.973392988286943206e-01
-9.973392988286430283e-01
-9.973392988286998717e-01
-9.973392988286262639e-01
-9.973392988286251537e-01
-9.973392988286912120e-01
-9.973392988286894356e-01
-9.973392988287334004e-01
-9.973392988286565730e-01
-9.973392988287004268e-01
-9.973392988286375882e-01
-9.973392988286425842e-01
-9.973392988286678973e-01
-9.973392988287587135e-01
-9.973392988287108629e-01
-9.973392988286793326e-01
-9.973392988287073102e-01
-9.973392988286351457e-01
-9.973392988286740035e-01
-9.973392988287064220e-01
-9.973392988287155259e-01
-9.973392988286711169e-01
-9.973392988287196337e-01
-9.973392988286686744e-01
-9.973392988287407279e-01
-9.973392988286823302e-01
-9.973392988287446137e-01
-9.973392988286465810e-01
-9.973392988287181904e-01
-9.973392988287046457e-01
-9.973392988286976513e-01
-9.973392988287087535e-01
-9.973392988287076433e-01
-9.973392988287805849e-01
-9.973392988286446936e-01
-9.973392988287989036e-01
-9.973392988287250738e-01
-9.973392988286547967e-01
-9.973392988286708949e-01
-9.973392988286852168e-01
-9.973392988286405858e-01
-9.973392988285689764e-01
-9.973392988286498007e-01
-9.973392988286780003e-01
-9.973392988286422511e-01
-9.973392988286868821e-01
-7.813744811676778257e-01
-7.813744811679433910e-01
-7.813744811677522106e-01
-7.813744811676476276e-01
-7.813744811678079438e-01
-7.813744811677200142e-01
-7.813744811678141611e-01
-7.813744811676368585e-01
-7.813744811677524327e-01
-7.813744811679383950e-01
-7.813744811677839630e-01
-7.813744811677957314e-01
-7.813744811677527657e-01
-7.813744811677979518e-01
-7.813744811677566515e-01
-7.813744811676867075e-01
-7.813744811677908464e-01
-7.813744811676569535e-01
-7.813744811676537338e-01
-7.813744811677718616e-01
-7.813744811677505453e-01
-7.813744811678291491e-01
-7.813744811677106883e-01
-7.813744811677760804e-01
-7.813744811676704982e-01
-7.813744811676766044e-01
-7.813744811677220126e-01
-7.813744811678713376e-01
-7.813744811677844071e-01
-7.813744811677425517e-01
-7.813744811677918456e-01
-7.813744811676686108e-01
-7.813744811677509894e-01
-7.813744811677736379e-01
-7.813744811678023927e-01
-7.813744811677304503e-01
-7.813744811678147162e-01
-7.813744811677404423e-01
-7.813744811678328128e-01
-7.813744811677707514e-01
-7.813744811678529079e-01
-7.813744811677032498e-01
-7.813744811678152713e-01
-7.813744811677650892e-01
-7.813744811677684199e-01
-7.813744811678114965e-01
-7.813744811677879598e-01
-7.813744811678979829e-01
-7.813744811676923696e-01
-7.813744811679330660e-01
-7.813744811678254854e-01
-7.813744811677063584e-01
-7.813744811677414415e-01
-7.813744811677451052e-01
-7.813744811676812674e-01
-7.813744811675814583e-01
-7.813744811677169055e-01
-7.813744811677308943e-01
-7.813744811676830437e-01
-7.813744811677597601e-01
-4.415491476772951951e-01
-4.415491476775704749e-01
-4.415491476773642510e-01
-4.415491476772145929e-01
-4.415491476774120461e-01
-4.415491476773227841e-01
-4.415491476774178747e-01
-4.415491476772458457e-01
-4.415491476773623636e-01
-4.415491476775879054e-01
-4.415491476773807378e-01
-4.415491476773982238e-01
-4.415491476773550361e-01
-4.415491476774245916e-01
-4.415491476773367174e-01
-4.415491476773196200e-01
-4.415491476774034418e-01
-4.415491476772742674e-01
-4.415491476772447355e-01
-4.415491476773766855e-01
-4.415491476773667490e-01
-4.415491476774421331e-01
-4.415491476773001356e-01
-4.415491476773736323e-01
-4.415491476772694379e-01
-4.415491476772464563e-01
-4.415491476773030222e-01
-4.415491476775025848e-01
-4.415491476773905632e-01
-4.415491476773487634e-01
-4.415491476774095481e-01
-4.415491476772731017e-01
-4.415491476773797386e-01
-4.415491476773503732e-01
-4.415491476774067170e-01
-4.415491476773349966e-01
-4.415491476774400237e-01
-4.415491476773506507e-01
-4.415491476774332513e-01
-4.415491476774038304e-01
-4.415491476774574542e-01
-4.415491476773111268e-01
-4.415491476774477397e-01
-4.415491476773292789e-01
-4.415491476773893420e-01
-4.415491476774385804e-01
-4.415491476773979462e-01
-4.415491476775116331e-01
-4.415491476772775425e-01
-4.415491476775481039e-01
-4.415491476774561219e-01
-4.415491476773119039e-01
-4.415491476773417689e-01
-4.415491476773348301e-01
-4.415491476772628321e-01
-4.415491476771786217e-01
-4.415491476773488189e-01
-4.415491476773273916e-01
-4.415491476772545054e-01
-4.415491476773560353e-01
-1.724612748173622034e-01
-1.724612748175703425e-01
-1.724612748173937338e-01
-1.724612748172104360e-01
-1.724612748174206567e-01
-1.724612748173767474e-01
-1.724612748174344790e-01
-1.724612748173277310e-01
-1.724612748174126631e-01
-1.724612748176317933e-01
-1.724612748174086385e-01
-1.724612748174086663e-01
-1.724612748173984245e-01
-1.724612748174837173e-01
-1.724612748173530719e-01
-1.724612748174187971e-01
-1.724612748174143284e-01
-1.724612748173286192e-01
-1.724612748172906218e-01
-1.724612748174161048e-01
-1.724612748173975640e-01
-1.724612748174818855e-01
-1.724612748173353360e-01
-1.724612748173768306e-01
-1.724612748173207366e-01
-1.724612748172711374e-01
-1.724612748173243726e-01
-1.724612748175457788e-01
-1.724612748174070287e-01
-1.724612748173965371e-01
-1.724612748174590704e-01
-1.724612748173266763e-01
-1.724612748174400023e-01
-1.724612748173502408e-01
-1.724612748174216836e-01
-1.724612748173789123e-01
-1.724612748174783605e-01
-1.724612748174054466e-01
-1.724612748174261523e-01
-1.724612748174794152e-01
-1.724612748174752519e-01
-1.724612748173703636e-01
-1.724612748174766952e-01
-1.724612748172999477e-01
-1.724612748174378374e-01
-1.724612748174969290e-01
-1.724612748174237653e-01
-1.724612748175047283e-01
-1.724612748173069976e-01
-1.724612748175543830e-01
-1.724612748174845778e-01
-1.724612748173391108e-01
-1.724612748174013388e-01
-1.724612748173665056e-01
-1.724612748173102450e-01
-1.724612748172711651e-01
-1.724612748174211008e-01
-1.724612748173465215e-01
-1.724612748172652255e-01
-1.724612748173952326e-01
-1.092745505421712365e-01
-1.092745505422492575e-01
-1.092745505421432173e-01
-1.092745505419459168e-01
-1.092745505421126861e-01
-1.092745505421412883e-01
-1.092745505421557767e-01
-1.092745505421245239e-01
-1.092745505421647001e-01
-1.092745505423345365e-01
-1.092745505421115898e-01
-1.092745505421267166e-01
-1.092745505421412466e-01
-1.092745505422171720e-01
-1.092745505420625735e-01
-1.092745505422227092e-01
-1.092745505421380270e-01
-1.092745505421025831e-01
-1.092745505420526647e-01
-1.092745505421423569e-01
-1.092745505421288538e-01
-1.092745505422131613e-01
-1.092745505420807672e-01
-1.092745505420896490e-01
-1.092745505420825713e-01
-1.092745505420104901e-01
-1.092745505420645441e-01
-1.092745505422534485e-01
-1.092745505421269664e-01
-1.092745505421691826e-01
-1.092745505422078045e-01
-1.092745505420851387e-01
-1.092745505422117319e-01
-1.092745505420339575e-01
-1.092745505421392482e-01
-1.092745505421224839e-01
-1.092745505422054453e-01
-1.092745505421495594e-01
-1.092745505421202357e-01
-1.092745505422467178e-01
-1.092745505421787305e-01
-1.092745505421406638e-01
-1.092745505422117458e-01
-1.092745505419758373e-01
-1.092745505421816588e-01
-1.092745505422335339e-01
-1.092745505421592322e-01
-1.092745505421815894e-01
-1.092745505420553015e-01
-1.092745505422350466e-01
-1.092745505422136471e-01
-1.092745505420918001e-01
-1.092745505421572894e-01
-1.092745505421128388e-01
-1.092745505420761182e-01
-1.092745505420953667e-01
-1.092745505422188790e-01
-1.092745505420669172e-01
-1.092745505419951413e-01
-1.092745505421370972e-01
-2.606118094400678986e-01
-2.606118094400085017e-01
-2.606118094399921814e-01
-2.606118094397911755e-01
-2.606118094399280105e-01
-2.606118094400016183e-01
-2.606118094399721419e-01
-2.606118094400153296e-01
-2.606118094400208807e-01
-2.606118094401314034e-01
-2.606118094399426655e-01
-2.606118094399526575e-01
-2.606118094399731411e-01
-2.606118094400720619e-01
-2.606118094398919838e-01
-2.606118094401438934e-01
-2.606118094399648144e-01
-2.606118094400070584e-01
-2.606118094399347829e-01
-2.606118094399776375e-01
-2.606118094399882956e-01
-2.606118094400265428e-01
-2.606118094399211271e-01
-2.606118094399239582e-01
-2.606118094399462737e-01
-2.606118094398512941e-01
-2.606118094399097473e-01
-2.606118094400811658e-01
-2.606118094399645924e-01
-2.606118094400297069e-01
-2.606118094400437513e-01
-2.606118094399776930e-01
-2.606118094400630691e-01
-2.606118094398475749e-01
-2.606118094399501595e-01
-2.606118094399806351e-01
-2.606118094400302621e-01
-2.606118094400090568e-01
-2.606118094399211271e-01
-2.606118094401125296e-01
-2.606118094399853535e-01
-2.606118094400119989e-01
-2.606118094400446394e-01
-2.606118094397760210e-01
-2.606118094400490248e-01
-2.606118094400686758e-01
-2.606118094400103891e-01
-2.606118094399672014e-01
-2.606118094399101914e-01
-2.606118094400172724e-01
-2.606118094400278196e-01
-2.606118094399407781e-01
-2.606118094400109442e-01
-2.606118094399482166e-01
-2.606118094399464957e-01
-2.606118094400268759e-01
-2.606118094401047025e-01
-2.606118094399243468e-01
-2.606118094398358620e-01
-2.606118094399794138e-01
-6.025021099136543823e-01
-6.025021099135162705e-01
-6.025021099135671188e-01
-6.025021099133940350e-01
-6.025021099134743041e-01
-6.025021099135714486e-01
-6.025021099135183800e-01
-6.025021099136156355e-01
-6.025021099135839941e-01
-6.025021099136460556e-01
-6.025021099134882929e-01
-6.025021099135060565e-01
-6.025021099135337010e-01
-6.025021099136136371e-01
-6.025021099134622027e-01
-6.025021099137080061e-01
-6.025021099135140501e-01
-6.025021099135872138e-01
-6.025021099135244862e-01
-6.025021099135434710e-01
-6.025021099135416947e-01
-6.025021099135844382e-01
-6.025021099135072777e-01
-6.025021099134808544e-01
-6.025021099135401403e-01
-6.025021099134372227e-01
-6.025021099134849623e-01
-6.025021099136003144e-01
-6.025021099135190461e-01
-6.025021099135979830e-01
-6.025021099135924318e-01
-6.025021099135547953e-01
-6.025021099136169678e-01
-6.025021099134065805e-01
-6.025021099134997282e-01
-6.025021099135455804e-01
-6.025021099135842162e-01
-6.025021099135642322e-01
-6.025021099134630909e-01
-6.025021099136610436e-01
-6.025021099135162705e-01
-6.025021099135907665e-01
-6.025021099135832170e-01
-6.025021099133456293e-01
-6.025021099135957625e-01
-6.025021099136184111e-01
-6.025021099135611236e-01
-6.025021099134941771e-01
-6.025021099134942881e-01
-6.025021099135247082e-01
-6.025021099135602354e-01
-6.025021099135194902e-01
-6.025021099135863256e-01
-6.025021099135355884e-01
-6.025021099135343672e-01
-6.025021099136362857e-01
-6.025021099136838032e-01
-6.025021099134884039e-01
-6.025021099134275637e-01
-6.025021099135463576e-01
-8.886976323157045332e-01
-8.886976323155887370e-01
-8.886976323156375868e-01
-8.886976323155405533e-01
-8.886976323155700852e-01
-8.886976323156446922e-01
-8.886976323156009494e-01
-8.886976323156791091e-01
-8.886976323156504654e-01
-8.886976323156685620e-01
-8.886976323155879598e-01
-8.886976323155908464e-01
-8.886976323156171587e-01
-8.886976323156671187e-01
-8.886976323155718616e-01
-8.886976323157361746e-01
-8.886976323155955093e-01
-8.886976323156657864e-01
-8.886976323156202673e-01
-8.886976323156223767e-01
-8.886976323156260404e-01
-8.886976323156349222e-01
-8.886976323156008384e-01
-8.886976323155747481e-01
-8.886976323156268176e-01
-8.886976323155617585e-01
-8.886976323155902913e-01
-8.886976323156545732e-01
-8.886976323156026147e-01
-8.886976323156602353e-01
-8.886976323156520197e-01
-8.886976323156441371e-01
-8.886976323156714486e-01
-8.886976323155263424e-01
-8.886976323155905133e-01
-8.886976323156264845e-01
-8.886976323156420277e-01
-8.886976323156378088e-01
-8.886976323155622026e-01
-8.886976323156987601e-01
-8.886976323155937330e-01
-8.886976323156553503e-01
-8.886976323156366986e-01
-8.886976323154949231e-01
-8.886976323156577928e-01
-8.886976323156671187e-01
-8.886976323156255964e-01
-8.886976323155791890e-01
-8.886976323156010604e-01
-8.886976323155921786e-01
-8.886976323156259294e-01
-8.886976323156139390e-01
-8.886976323156486890e-01
-8.886976323156133839e-01
-8.886976323156267066e-01
-8.886976323157018687e-01
-8.886976323157160795e-01
-8.886976323155956203e-01
-8.886976323155555413e-01
-8.886976323156282609e-01
-9.612720693483817191e-01
-9.612720693483467471e-01
-9.612720693483609580e-01
-9.612720693483345347e-01
-9.612720693483400858e-01
-9.612720693483626233e-01
-9.612720693483512990e-01
-9.612720693483730594e-01
-9.612720693483692846e-01
-9.612720693483650658e-01
-9.612720693483489676e-01
-9.612720693483431944e-01
-9.612720693483518541e-01
-9.612720693483648438e-01
-9.612720693483404188e-01
-9.612720693483844947e-01
-9.612720693483454149e-01
-9.612720693483725043e-01
-9.612720693483517431e-01
-9.612720693483509660e-01
-9.612720693483598478e-01
-9.612720693483551848e-01
-9.612720693483468581e-01
-9.612720693483421952e-01
-9.612720693483551848e-01
-9.612720693483349788e-01
-9.612720693483508549e-01
-9.612720693483630674e-01
-9.612720693483466361e-01
-9.612720693483636225e-01
-9.612720693483627343e-01
-9.612720693483682854e-01
-9.612720693483717271e-01
-9.612720693483239875e-01
-9.612720693483495227e-01
-9.612720693483555179e-01
-9.612720693483637335e-01
-9.612720693483622902e-01
-9.612720693483391976e-01
-9.612720693483810530e-01
-9.612720693483425283e-01
-9.612720693483640666e-01
-9.612720693483568501e-01
-9.612720693483205459e-01
-9.612720693483617351e-01
-9.612720693483628454e-01
-9.612720693483532974e-01
-9.612720693483426393e-01
-9.612720693483567391e-01
-9.612720693483380874e-01
-9.612720693483576273e-01
-9.612720693483528533e-01
-9.612720693483566281e-01
-9.612720693483530754e-01
-9.612720693483574053e-01
-9.612720693483792767e-01
-9.612720693483826073e-01
-9.612720693483520762e-01
-9.612720693483419732e-01
-9.612720693483597367e-01
-3.784589392354091308e-01
-3.784589392353400195e-01
-3.784589392353848725e-01
-3.784589392353995274e-01
-3.784589392353674975e-01
-3.784589392353996384e-01
-3.784589392353698289e-01
-3.784589392354096304e-01
-3.784589392353745474e-01
-3.784589392353559512e-01
-3.784589392353604476e-01
-3.784589392353858162e-01
-3.784589392353925885e-01
-3.784589392353795434e-01
-3.784589392353858717e-01
-3.784589392354092419e-01
-3.784589392353655546e-01
-3.784589392353912563e-01
-3.784589392354035797e-01
-3.784589392353859272e-01
-3.784589392353775450e-01
-3.784589392353709947e-01
-3.784589392353961412e-01
-3.784589392353744364e-01
-3.784589392354077986e-01
-3.784589392354110182e-01
-3.784589392353870374e-01
-3.784589392353681081e-01
-3.784589392353860382e-01
-3.784589392354014703e-01
-3.784589392353814308e-01
-3.784589392353794879e-01
-3.784589392353773785e-01
-3.784589392353809867e-01
-3.784589392353675530e-01
-3.784589392353896464e-01
-3.784589392353692738e-01
-3.784589392353689408e-01
-3.784589392353647219e-01
-3.784589392353635007e-01
-3.784589392353657766e-01
-3.784589392353980841e-01
-3.784589392353713277e-01
-3.784589392353738257e-01
-3.784589392353895354e-01
-3.784589392353784887e-01
-3.784589392353890358e-01
-3.784589392353603921e-01
-3.784589392353880366e-01
-3.784589392353632231e-01
-3.784589392353613357e-01
-3.784589392353960857e-01
-3.784589392354022475e-01
-3.784589392353875370e-01
-3.784589392354000270e-01
-3.784589392354247850e-01
-3.784589392353923665e-01
-3.784589392353753246e-01
-3.784589392353890358e-01
-3.784589392353795434e-01
-6.457952708619223436e-01
-6.457952708618395210e-01
-6.457952708618921456e-01
-6.457952708619051352e-01
-6.457952708618710513e-01
-6.457952708619103532e-01
-6.457952708618714954e-01
-6.457952708619217885e-01
-6.457952708618839299e-01
-6.457952708618577287e-01
-6.457952708618600601e-01
-6.457952708618940330e-01
-6.457952708619016935e-01
-6.457952708618877047e-01
-6.457952708618956983e-01
-6.457952708619210114e-01
-6.457952708618653892e-01
-6.457952708618973636e-01
-6.457952708619144611e-01
-6.457952708618925897e-01
-6.457952708618835969e-01
-6.457952708618814874e-01
-6.457952708619026927e-01
-6.457952708618810433e-01
-6.457952708619187909e-01
-6.457952708619236759e-01
-6.457952708618918125e-01
-6.457952708618738269e-01
-6.457952708618971416e-01
-6.457952708619122406e-01
-6.457952708618868165e-01
-6.457952708618823756e-01
-6.457952708618828197e-01
-6.457952708618867055e-01
-6.457952708618729387e-01
-6.457952708619000282e-01
-6.457952708618723836e-01
-6.457952708618702742e-01
-6.457952708618655002e-01
-6.457952708618693860e-01
-6.457952708618728277e-01
-6.457952708619096871e-01
-6.457952708618760473e-01
-6.457952708618809323e-01
-6.457952708618966975e-01
-6.457952708618851512e-01
-6.457952708619016935e-01
-6.457952708618655002e-01
-6.457952708618943660e-01
-6.457952708618704962e-01
-6.457952708618651672e-01
-6.457952708619036919e-01
-6.457952708619114635e-01
-6.457952708619025817e-01
-6.457952708619099091e-01
-6.457952708619407733e-01
-6.457952708619025817e-01
-6.457952708618793780e-01
-6.457952708618969195e-01
-6.457952708618840409e-01
-9.364143817123835589e-01
-9.364143817123287139e-01
-9.364143817123622426e-01
-9.364143817123624647e-01
-9.364143817123459224e-01
-9.364143817123764535e-01
-9.364143817123460334e-01
-9.364143817123778968e-01
-9.364143817123493641e-01
-9.364143817123465885e-01
-9.364143817123310454e-01
-9.364143817123685709e-01
-9.364143817123717906e-01
-9.364143817123612434e-01
-9.364143817123667946e-01
-9.364143817123830038e-01
-9.364143817123372626e-01
-9.364143817123540270e-01
-9.364143817123725677e-01
-9.364143817123639080e-01
-9.364143817123532498e-01
-9.364143817123556923e-01
-9.364143817123653513e-01
-9.364143817123518065e-01
-9.364143817123804503e-01
-9.364143817123878888e-01
-9.364143817123576907e-01
-9.364143817123564695e-01
-9.364143817123695701e-01
-9.364143817123813385e-01
-9.364143817123584679e-01
-9.364143817123400382e-01
-9.364143817123502522e-01
-9.364143817123598001e-01
-9.364143817123461444e-01
-9.364143817123685709e-01
-9.364143817123463664e-01
-9.364143817123344871e-01
-9.364143817123430358e-01
-9.364143817123347091e-01
-9.364143817123551372e-01
-9.364143817123717906e-01
-9.364143817123518065e-01
-9.364143817123546931e-01
-9.364143817123693481e-01
-9.364143817123594671e-01
-9.364143817123740110e-01
-9.364143817123504743e-01
-9.364143817123575797e-01
-9.364143817123627977e-01
-9.364143817123420366e-01
-9.364143817123665725e-01
-9.364143817123792291e-01
-9.364143817123697922e-01
-9.364143817123711244e-01
-9.364143817123899982e-01
-9.364143817123672386e-01
-9.364143817123462554e-01
-9.364143817123605773e-01
-9.364143817123529168e-01
-1.161923578638077270e+00
-1.161923578638089927e+00
-1.161923578638078158e+00
-1.161923578638056620e+00
-1.161923578638077048e+00
-1.161923578638080157e+00
-1.161923578638075050e+00
-1.161923578638064392e+00
-1.161923578638064170e+00
-1.161923578638102583e+00
-1.161923578638058174e+00
-1.161923578638094146e+00
-1.161923578638087262e+00
-1.161923578638085486e+00
-1.161923578638085264e+00
-1.161923578638083043e+00
-1.161923578638063281e+00
-1.161923578638050403e+00
-1.161923578638067056e+00
-1.161923578638082155e+00
-1.161923578638070831e+00
-1.161923578638087706e+00
-1.161923578638073051e+00
-1.161923578638075272e+00
-1.161923578638075494e+00
-1.161923578638086818e+00
-1.161923578638065280e+00
-1.161923578638097032e+00
-1.161923578638093035e+00
-1.161923578638090815e+00
-1.161923578638079269e+00
-1.161923578638042631e+00
-1.161923578638064836e+00
-1.161923578638083931e+00
-1.161923578638075716e+00
-1.161923578638079935e+00
-1.161923578638077714e+00
-1.161923578638050181e+00
-1.161923578638079491e+00
-1.161923578638053733e+00
-1.161923578638093035e+00
-1.161923578638073051e+00
-1.161923578638080601e+00
-1.161923578638077714e+00
-1.161923578638090371e+00
-1.161923578638084820e+00
-1.161923578638096810e+00
-1.161923578638101251e+00
-1.161923578638060173e+00
-1.161923578638117904e+00
-1.161923578638075494e+00
-1.161923578638071941e+00
-1.161923578638090149e+00
-1.161923578638082599e+00
-1.161923578638069499e+00
-1.161923578638060617e+00
-1.161923578638071941e+00
-1.161923578638063281e+00
-1.161923578638063059e+00
-1.161923578638070165e+00
-1.251297994885352871e+00
-1.251297994885440357e+00
-1.251297994885373965e+00
-1.251297994885323339e+00
-1.251297994885394393e+00
-1.251297994885368414e+00
-1.251297994885390397e+00
-1.251297994885335774e+00
-1.251297994885368858e+00
-1.251297994885446352e+00
-1.251297994885368414e+00
-1.251297994885397946e+00
-1.251297994885383513e+00
-1.251297994885398390e+00
-1.251297994885381071e+00
-1.251297994885366638e+00
-1.251297994885374409e+00
-1.251297994885329334e+00
-1.251297994885340437e+00
-1.251297994885387066e+00
-1.251297994885372189e+00
-1.251297994885404385e+00
-1.251297994885356646e+00
-1.251297994885382181e+00
-1.251297994885351539e+00
-1.251297994885358866e+00
-1.251297994885353759e+00
-1.251297994885427256e+00
-1.251297994885396170e+00
-1.251297994885380627e+00
-1.251297994885388842e+00
-1.251297994885329112e+00
-1.251297994885369746e+00
-1.251297994885387288e+00
-1.251297994885387954e+00
-1.251297994885372855e+00
-1.251297994885392395e+00
-1.251297994885353759e+00
-1.251297994885398168e+00
-1.251297994885369080e+00
-1.251297994885419929e+00
-1.251297994885359310e+00
-1.251297994885398390e+00
-1.251297994885377296e+00
-1.251297994885392839e+00
-1.251297994885402831e+00
-1.251297994885401277e+00
-1.251297994885431697e+00
-1.251297994885346210e+00
-1.251297994885461007e+00
-1.251297994885400389e+00
-1.251297994885356202e+00
-1.251297994885376408e+00
-1.251297994885375076e+00
-1.251297994885348874e+00
-1.251297994885314235e+00
-1.251297994885360199e+00
-1.251297994885359977e+00
-1.251297994885343989e+00
-1.251297994885373299e+00
-1.189919624786353047e+00
-1.189919624786486718e+00
-1.189919624786386132e+00
-1.189919624786302199e+00
-1.189919624786408558e+00
-1.189919624786368146e+00
-1.189919624786406116e+00
-1.189919624786333729e+00
-1.189919624786380803e+00
-1.189919624786493824e+00
-1.189919624786385910e+00
-1.189919624786406782e+00
-1.189919624786388130e+00
-1.189919624786418773e+00
-1.189919624786379249e+00
-1.189919624786372365e+00
-1.189919624786392571e+00
-1.189919624786327290e+00
-1.189919624786331953e+00
-1.189919624786398566e+00
-1.189919624786378805e+00
-1.189919624786427654e+00
-1.189919624786356600e+00
-1.189919624786395458e+00
-1.189919624786344832e+00
-1.189919624786337282e+00
-1.189919624786349495e+00
-1.189919624786457852e+00
-1.189919624786404340e+00
-1.189919624786384578e+00
-1.189919624786406782e+00
-1.189919624786335506e+00
-1.189919624786391905e+00
-1.189919624786384134e+00
-1.189919624786407226e+00
-1.189919624786380581e+00
-1.189919624786417662e+00
-1.189919624786371477e+00
-1.189919624786416330e+00
-1.189919624786399011e+00
-1.189919624786442975e+00
-1.189919624786363928e+00
-1.189919624786421881e+00
-1.189919624786369035e+00
-1.189919624786402341e+00
-1.189919624786427654e+00
-1.189919624786415664e+00
-1.189919624786460073e+00
-1.189919624786346386e+00
-1.189919624786492047e+00
-1.189919624786429653e+00
-1.189919624786355046e+00
-1.189919624786382801e+00
-1.189919624786375474e+00
-1.189919624786343721e+00
-1.189919624786298424e+00
-1.189919624786377694e+00
-1.189919624786365038e+00
-1.189919624786337060e+00
-1.189919624786385910e+00
-1.066569097485817075e+00
-1.066569097485935869e+00
-1.066569097485836171e+00
-1.066569097485736251e+00
-1.066569097485854156e+00
-1.066569097485827733e+00
-1.066569097485858597e+00
-1.066569097485795981e+00
-1.066569097485842388e+00
-1.066569097485959405e+00
-1.066569097485839279e+00
-1.066569097485844386e+00
-1.066569097485835282e+00
-1.066569097485883244e+00
-1.066569097485812412e+00
-1.066569097485843054e+00
-1.066569097485847051e+00
-1.066569097485795092e+00
-1.066569097485781326e+00
-1.066569097485849937e+00
-1.066569097485831952e+00
-1.066569097485880135e+00
-1.066569097485803974e+00
-1.066569097485833950e+00
-1.066569097485793094e+00
-1.066569097485766227e+00
-1.066569097485794870e+00
-1.066569097485917439e+00
-1.066569097485842832e+00
-1.066569097485836171e+00
-1.066569097485871698e+00
-1.066569097485789319e+00
-1.066569097485862594e+00
-1.066569097485815965e+00
-1.066569097485853268e+00
-1.066569097485831730e+00
-1.066569097485875250e+00
-1.066569097485837947e+00
-1.066569097485852824e+00
-1.066569097485877915e+00
-1.066569097485886575e+00
-1.066569097485831064e+00
-1.066569097485882578e+00
-1.066569097485785766e+00
-1.066569097485855044e+00
-1.066569097485893458e+00
-1.066569097485860818e+00
-1.066569097485896345e+00
-1.066569097485795092e+00
-1.066569097485930984e+00
-1.066569097485889017e+00
-1.066569097485809303e+00
-1.066569097485839723e+00
-1.066569097485819517e+00
-1.066569097485789763e+00
-1.066569097485773776e+00
-1.066569097485851492e+00
-1.066569097485802864e+00
-1.066569097485775330e+00
-1.066569097485836393e+00
-1.016078849727793054e+00
-1.016078849727845457e+00
-1.016078849727790168e+00
-1.016078849727671596e+00
-1.016078849727777733e+00
-1.016078849727782618e+00
-1.016078849727789279e+00
-1.016078849727781286e+00
-1.016078849727798605e+00
-1.016078849727888755e+00
-1.016078849727772848e+00
-1.016078849727775069e+00
-1.016078849727778621e+00
-1.016078849727834132e+00
-1.016078849727744204e+00
-1.016078849727833466e+00
-1.016078849727785061e+00
-1.016078849727764855e+00
-1.016078849727743760e+00
-1.016078849727788391e+00
-1.016078849727778621e+00
-1.016078849727817923e+00
-1.016078849727748201e+00
-1.016078849727770850e+00
-1.016078849727752864e+00
-1.016078849727704458e+00
-1.016078849727737099e+00
-1.016078849727852784e+00
-1.016078849727776179e+00
-1.016078849727788169e+00
-1.016078849727822142e+00
-1.016078849727767297e+00
-1.016078849727820810e+00
-1.016078849727728661e+00
-1.016078849727782618e+00
-1.016078849727784617e+00
-1.016078849727821254e+00
-1.016078849727792388e+00
-1.016078849727774402e+00
-1.016078849727847455e+00
-1.016078849727810152e+00
-1.016078849727784394e+00
-1.016078849727824807e+00
-1.016078849727701794e+00
-1.016078849727808597e+00
-1.016078849727839017e+00
-1.016078849727803046e+00
-1.016078849727805933e+00
-1.016078849727745981e+00
-1.016078849727833910e+00
-1.016078849727825029e+00
-1.016078849727751976e+00
-1.016078849727785727e+00
-1.016078849727763078e+00
-1.016078849727743538e+00
-1.016078849727756417e+00
-1.016078849727831024e+00
-1.016078849727750422e+00
-1.016078849727714672e+00
-1.016078849727780620e+00
-9.991343086386790251e-01
-9.991343086386822447e-01
-9.991343086386581529e-01
-9.991343086385396921e-01
-9.991343086386295091e-01
-9.991343086386610395e-01
-9.991343086386499373e-01
-9.991343086386671457e-01
-9.991343086386708094e-01
-9.991343086387393102e-01
-9.991343086386371697e-01
-9.991343086386279548e-01
-9.991343086386402783e-01
-9.991343086386956784e-01
-9.991343086386038630e-01
-9.991343086387266537e-01
-9.991343086386488270e-01
-9.991343086386571537e-01
-9.991343086386258454e-01
-9.991343086386569317e-01
-9.991343086386516026e-01
-9.991343086386759165e-01
-9.991343086386184069e-01
-9.991343086386323957e-01
-9.991343086386251793e-01
-9.991343086385672256e-01
-9.991343086386068606e-01
-9.991343086387032280e-01
-9.991343086386363925e-01
-9.991343086386611505e-01
-9.991343086386906824e-01
-9.991343086386551553e-01
-9.991343086386977879e-01
-9.991343086385797712e-01
-9.991343086386407224e-01
-9.991343086386567096e-01
-9.991343086386840211e-01
-9.991343086386675898e-01
-9.991343086386212935e-01
-9.991343086387262096e-01
-9.991343086386603733e-01
-9.991343086386609285e-01
-9.991343086386869077e-01
-9.991343086385469086e-01
-9.991343086386873518e-01
-9.991343086387053374e-01
-9.991343086386673678e-01
-9.991343086386501593e-01
-9.991343086386182959e-01
-9.991343086386706984e-01
-9.991343086386851313e-01
-9.991343086386207384e-01
-9.991343086386579309e-01
-9.991343086386269556e-01
-9.991343086386205163e-01
-9.991343086386543781e-01
-9.991343086387145522e-01
-9.991343086386293981e-01
-9.991343086385795491e-01
-9.991343086386491601e-01
-1.061015294248283558e+00
-1.061015294248276009e+00
-1.061015294248255580e+00
-1.061015294248158547e+00
-1.061015294248228935e+00
-1.061015294248262464e+00
-1.061015294248249363e+00
-1.061015294248273122e+00
-1.061015294248277119e+00
-1.061015294248320195e+00
-1.061015294248238483e+00
-1.061015294248226715e+00
-1.061015294248244922e+00
-1.061015294248293550e+00
-1.061015294248210727e+00
-1.061015294248315310e+00
-1.061015294248248697e+00
-1.061015294248264240e+00
-1.061015294248232932e+00
-1.061015294248256913e+00
-1.061015294248251140e+00
-1.061015294248271346e+00
-1.061015294248229601e+00
-1.061015294248228713e+00
-1.061015294248232044e+00
-1.061015294248182750e+00
-1.061015294248214946e+00
-1.061015294248295993e+00
-1.061015294248230711e+00
-1.061015294248261798e+00
-1.061015294248289553e+00
-1.061015294248253804e+00
-1.061015294248299101e+00
-1.061015294248182972e+00
-1.061015294248244034e+00
-1.061015294248254470e+00
-1.061015294248278895e+00
-1.061015294248271124e+00
-1.061015294248222718e+00
-1.061015294248327523e+00
-1.061015294248254914e+00
-1.061015294248265350e+00
-1.061015294248280671e+00
-1.061015294248157659e+00
-1.061015294248272456e+00
-1.061015294248301766e+00
-1.061015294248258689e+00
-1.061015294248238039e+00
-1.061015294248228269e+00
-1.061015294248258467e+00
-1.061015294248280671e+00
-1.061015294248228935e+00
-1.061015294248261798e+00
-1.061015294248231378e+00
-1.061015294248235152e+00
-1.061015294248268459e+00
-1.061015294248310648e+00
-1.061015294248222052e+00
-1.061015294248192964e+00
-1.061015294248255803e+00
-1.097513153556397336e+00
-1.097513153556377796e+00
-1.097513153556375354e+00
-1.097513153556314069e+00
-1.097513153556352039e+00
-1.097513153556380017e+00
-1.097513153556368470e+00
-1.097513153556393561e+00
-1.097513153556393117e+00
-1.097513153556403553e+00
-1.097513153556368248e+00
-1.097513153556346044e+00
-1.097513153556362031e+00
-1.097513153556394894e+00
-1.097513153556339827e+00
-1.097513153556418430e+00
-1.097513153556373355e+00
-1.097513153556393117e+00
-1.097513153556364474e+00
-1.097513153556377574e+00
-1.097513153556374688e+00
-1.097513153556377796e+00
-1.097513153556354704e+00
-1.097513153556357146e+00
-1.097513153556361143e+00
-1.097513153556320287e+00
-1.097513153556349152e+00
-1.097513153556392673e+00
-1.097513153556353371e+00
-1.097513153556375798e+00
-1.097513153556396448e+00
-1.097513153556389121e+00
-1.097513153556409105e+00
-1.097513153556318510e+00
-1.097513153556364474e+00
-1.097513153556374244e+00
-1.097513153556387566e+00
-1.097513153556393561e+00
-1.097513153556345600e+00
-1.097513153556428867e+00
-1.097513153556364918e+00
-1.097513153556383347e+00
-1.097513153556388898e+00
-1.097513153556305410e+00
-1.097513153556384680e+00
-1.097513153556404220e+00
-1.097513153556371135e+00
-1.097513153556352927e+00
-1.097513153556360477e+00
-1.097513153556358700e+00
-1.097513153556390675e+00
-1.097513153556357368e+00
-1.097513153556372467e+00
-1.097513153556355148e+00
-1.097513153556362919e+00
-1.097513153556391341e+00
-1.097513153556416876e+00
-1.097513153556359367e+00
-1.097513153556334942e+00
-1.097513153556377130e+00
-1.012328211979260706e+00
-1.012328211979279802e+00
-1.012328211979267589e+00
-1.012328211979251824e+00
-1.012328211979266923e+00
-1.012328211979265369e+00
-1.012328211979271142e+00
-1.012328211979269810e+00
-1.012328211979278025e+00
-1.012328211979272696e+00
-1.012328211979278692e+00
-1.012328211979251824e+00
-1.012328211979260928e+00
-1.012328211979269588e+00
-1.012328211979259152e+00
-1.012328211979268477e+00
-1.012328211979276693e+00
-1.012328211979280468e+00
-1.012328211979266257e+00
-1.012328211979271364e+00
-1.012328211979274473e+00
-1.012328211979264259e+00
-1.012328211979260928e+00
-1.012328211979271808e+00
-1.012328211979259152e+00
-1.012328211979244275e+00
-1.012328211979262482e+00
-1.012328211979269810e+00
-1.012328211979255377e+00
-1.012328211979252712e+00
-1.012328211979275583e+00
-1.012328211979286241e+00
-1.012328211979285131e+00
-1.012328211979250492e+00
-1.012328211979272030e+00
-1.012328211979270920e+00
-1.012328211979275805e+00
-1.012328211979283799e+00
-1.012328211979265147e+00
-1.012328211979292236e+00
-1.012328211979266923e+00
-1.012328211979266923e+00
-1.012328211979272918e+00
-1.012328211979257375e+00
-1.012328211979264037e+00
-1.012328211979277137e+00
-1.012328211979262926e+00
-1.012328211979262038e+00
-1.012328211979270254e+00
-1.012328211979258263e+00
-1.012328211979282022e+00
-1.012328211979257819e+00
-1.012328211979254711e+00
-1.012328211979257153e+00
-1.012328211979263592e+00
-1.012328211979262926e+00
-1.012328211979275361e+00
-1.012328211979272696e+00
-1.012328211979263815e+00
-1.012328211979275139e+00
-8.044999816582787400e-01
-8.044999816583354724e-01
-8.044999816583092711e-01
-8.044999816583283669e-01
-8.044999816583304764e-01
-8.044999816582992791e-01
-8.044999816583233709e-01
-8.044999816582927288e-01
-8.044999816583129348e-01
-8.044999816583019436e-01
-8.044999816583359165e-01
-8.044999816583073837e-01
-8.044999816583077168e-01
-8.044999816582979468e-01
-8.044999816583225938e-01
-8.044999816582696361e-01
-8.044999816583274788e-01
-8.044999816583074947e-01
-8.044999816583068286e-01
-8.044999816583117136e-01
-8.044999816583175978e-01
-8.044999816583016106e-01
-8.044999816583091601e-01
-8.044999816583304764e-01
-8.044999816583014995e-01
-8.044999816583117136e-01
-8.044999816583201513e-01
-8.044999816583039420e-01
-8.044999816583088270e-01
-8.044999816582845131e-01
-8.044999816583057184e-01
-8.044999816583220387e-01
-8.044999816583090491e-01
-8.044999816583284780e-01
-8.044999816583262575e-01
-8.044999816583117136e-01
-8.044999816583150443e-01
-8.044999816583220387e-01
-8.044999816583312535e-01
-8.044999816583070507e-01
-8.044999816583180419e-01
-8.044999816582978358e-01
-8.044999816583120467e-01
-8.044999816583489061e-01
-8.044999816582955043e-01
-8.044999816583030539e-01
-8.044999816583046082e-01
-8.044999816583259244e-01
-8.044999816583238150e-01
-8.044999816583114916e-01
-8.044999816583228158e-01
-8.044999816583082719e-01
-8.044999816582872887e-01
-8.044999816583047192e-01
-8.044999816583060515e-01
-8.044999816582780738e-01
-8.044999816582875107e-01
-8.044999816583282559e-01
-8.044999816583331409e-01
-8.044999816583183749e-01
-5.645085909279706771e-01
-5.645085909280317393e-01
-5.645085909280062042e-01
-5.645085909280384007e-01
-5.645085909280350700e-01
-5.645085909279929925e-01
-5.645085909280227465e-01
-5.645085909279839997e-01
-5.645085909280070924e-01
-5.645085909279946579e-01
-5.645085909280338488e-01
-5.645085909280124215e-01
-5.645085909280054270e-01
-5.645085909279885517e-01
-5.645085909280268543e-01
-5.645085909279529135e-01
-5.645085909280208591e-01
-5.645085909279963232e-01
-5.645085909279986547e-01
-5.645085909280034286e-01
-5.645085909280144199e-01
-5.645085909279985437e-01
-5.645085909280074254e-01
-5.645085909280289638e-01
-5.645085909279994318e-01
-5.645085909280168623e-01
-5.645085909280244119e-01
-5.645085909279993208e-01
-5.645085909280125325e-01
-5.645085909279808911e-01
-5.645085909279922154e-01
-5.645085909280107561e-01
-5.645085909279962122e-01
-5.645085909280393999e-01
-5.645085909280254111e-01
-5.645085909280054270e-01
-5.645085909280095349e-01
-5.645085909280106451e-01
-5.645085909280356251e-01
-5.645085909279893288e-01
-5.645085909280181946e-01
-5.645085909279905501e-01
-5.645085909280046499e-01
-5.645085909280616043e-01
-5.645085909279894398e-01
-5.645085909279891068e-01
-5.645085909280017633e-01
-5.645085909280336267e-01
-5.645085909280259662e-01
-5.645085909280148639e-01
-5.645085909280165293e-01
-5.645085909280098679e-01
-5.645085909279821124e-01
-5.645085909280080916e-01
-5.645085909280019854e-01
-5.645085909279669023e-01
-5.645085909279733416e-01
-5.645085909280290748e-01
-5.645085909280402880e-01
-5.645085909280117553e-01
-1.379620329939668377e-01
-1.379620329939540146e-01
-1.379620329939631462e-01
-1.379620329939656997e-01
-1.379620329939612033e-01
-1.379620329939661716e-01
-1.379620329939615642e-01
-1.379620329939652834e-01
-1.379620329939576506e-01
-1.379620329939612033e-01
-1.379620329939543755e-01
-1.379620329939680035e-01
-1.379620329939679202e-01
-1.379620329939646173e-01
-1.379620329939656442e-01
-1.379620329939663104e-01
-1.379620329939536261e-01
-1.379620329939589829e-01
-1.379620329939622025e-01
-1.379620329939614809e-01
-1.379620329939620915e-01
-1.379620329939630352e-01
-1.379620329939635071e-01
-1.379620329939596768e-01
-1.379620329939696410e-01
-1.379620329939737766e-01
-1.379620329939627577e-01
-1.379620329939646450e-01
-1.379620329939695023e-01
-1.379620329939700296e-01
-1.379620329939603152e-01
-1.379620329939517664e-01
-1.379620329939572621e-01
-1.379620329939691137e-01
-1.379620329939586498e-01
-1.379620329939609535e-01
-1.379620329939603984e-01
-1.379620329939547918e-01
-1.379620329939605927e-01
-1.379620329939511836e-01
-1.379620329939621470e-01
-1.379620329939658385e-01
-1.379620329939581502e-01
-1.379620329939640067e-01
-1.379620329939670320e-01
-1.379620329939568457e-01
-1.379620329939656442e-01
-1.379620329939643397e-01
-1.379620329939605372e-01
-1.379620329939679479e-01
-1.379620329939563461e-01
-1.379620329939663659e-01
-1.379620329939652001e-01
-1.379620329939659495e-01
-1.379620329939624801e-01
-1.379620329939670598e-01
-1.379620329939598433e-01
-1.379620329939577894e-01
-1.379620329939639511e-01
-1.379620329939592882e-01
-2.541472848670344176e-01
-2.541472848670033868e-01
-2.541472848670214280e-01
-2.541472848670240370e-01
-2.541472848670152107e-01
-2.541472848670298101e-01
-2.541472848670141560e-01
-2.541472848670299767e-01
-2.541472848670126017e-01
-2.541472848670169316e-01
-2.541472848670005558e-01
-2.541472848670315310e-01
-2.541472848670312534e-01
-2.541472848670248141e-01
-2.541472848670267015e-01
-2.541472848670333073e-01
-2.541472848670033868e-01
-2.541472848670118245e-01
-2.541472848670249807e-01
-2.541472848670196516e-01
-2.541472848670165430e-01
-2.541472848670222051e-01
-2.541472848670249252e-01
-2.541472848670153217e-01
-2.541472848670356388e-01
-2.541472848670432438e-01
-2.541472848670199292e-01
-2.541472848670240925e-01
-2.541472848670323637e-01
-2.541472848670383033e-01
-2.541472848670174312e-01
-2.541472848670007223e-01
-2.541472848670099927e-01
-2.541472848670286444e-01
-2.541472848670126017e-01
-2.541472848670236484e-01
-2.541472848670139895e-01
-2.541472848670007223e-01
-2.541472848670136564e-01
-2.541472848669996121e-01
-2.541472848670200402e-01
-2.541472848670271456e-01
-2.541472848670148776e-01
-2.541472848670202067e-01
-2.541472848670298101e-01
-2.541472848670147111e-01
-2.541472848670314200e-01
-2.541472848670217055e-01
-2.541472848670172091e-01
-2.541472848670303653e-01
-2.541472848670081608e-01
-2.541472848670268125e-01
-2.541472848670336959e-01
-2.541472848670295881e-01
-2.541472848670247586e-01
-2.541472848670343065e-01
-2.541472848670193740e-01
-2.541472848670114915e-01
-2.541472848670217610e-01
-2.541472848670139340e-01
-4.547168197003589318e-01
-4.547168197003032541e-01
-4.547168197003369494e-01
-4.547168197003395029e-01
-4.547168197003245149e-01
-4.547168197003491619e-01
-4.547168197003216839e-01
-4.547168197003527146e-01
-4.547168197003232937e-01
-4.547168197003246259e-01
-4.547168197003043089e-01
-4.547168197003479961e-01
-4.547168197003506607e-01
-4.547168197003397250e-01
-4.547168197003438883e-01
-4.547168197003584322e-01
-4.547168197003097490e-01
-4.547168197003247370e-01
-4.547168197003459977e-01
-4.547168197003362833e-01
-4.547168197003282342e-01
-4.547168197003320089e-01
-4.547168197003416679e-01
-4.547168197003252366e-01
-4.547168197003582102e-01
-4.547168197003686463e-01
-4.547168197003330636e-01
-4.547168197003361723e-01
-4.547168197003484957e-01
-4.547168197003609302e-01
-4.547168197003284007e-01
-4.547168197003101930e-01
-4.547168197003205181e-01
-4.547168197003430001e-01
-4.547168197003205736e-01
-4.547168197003432777e-01
-4.547168197003223500e-01
-4.547168197003048640e-01
-4.547168197003197410e-01
-4.547168197003040868e-01
-4.547168197003327306e-01
-4.547168197003453316e-01
-4.547168197003271239e-01
-4.547168197003327861e-01
-4.547168197003481627e-01
-4.547168197003306211e-01
-4.547168197003504941e-01
-4.547168197003302326e-01
-4.547168197003312318e-01
-4.547168197003449430e-01
-4.547168197003158552e-01
-4.547168197003435552e-01
-4.547168197003564893e-01
-4.547168197003464973e-01
-4.547168197003432777e-01
-4.547168197003607637e-01
-4.547168197003380041e-01
-4.547168197003221835e-01
-4.547168197003366719e-01
-4.547168197003247925e-01
-7.282205080405372843e-01
-7.282205080404735575e-01
-7.282205080405125264e-01
-7.282205080405126374e-01
-7.282205080404933195e-01
-7.282205080405289577e-01
-7.282205080404897668e-01
-7.282205080405315112e-01
-7.282205080404950959e-01
-7.282205080404949848e-01
-7.282205080404723363e-01
-7.282205080405214082e-01
-7.282205080405261821e-01
-7.282205080405133035e-01
-7.282205080405178554e-01
-7.282205080405382835e-01
-7.282205080404775543e-01
-7.282205080404973163e-01
-7.282205080405234066e-01
-7.282205080405110831e-01
-7.282205080405010911e-01
-7.282205080405049769e-01
-7.282205080405178554e-01
-7.282205080404973163e-01
-7.282205080405356190e-01
-7.282205080405471653e-01
-7.282205080405054209e-01
-7.282205080405083075e-01
-7.282205080405254050e-01
-7.282205080405371733e-01
-7.282205080405047548e-01
-7.282205080404782205e-01
-7.282205080404919872e-01
-7.282205080405135256e-01
-7.282205080404944297e-01
-7.282205080405199649e-01
-7.282205080404943187e-01
-7.282205080404743347e-01
-7.282205080404868802e-01
-7.282205080404732245e-01
-7.282205080405051989e-01
-7.282205080405208530e-01
-7.282205080404987596e-01
-7.282205080405043107e-01
-7.282205080405244058e-01
-7.282205080405057540e-01
-7.282205080405282915e-01
-7.282205080405025344e-01
-7.282205080405039777e-01
-7.282205080405184106e-01
-7.282205080404859920e-01
-7.282205080405182995e-01
-7.282205080405356190e-01
-7.282205080405221853e-01
-7.282205080405198538e-01
-7.282205080405418363e-01
-7.282205080405160791e-01
-7.282205080404922093e-01
-7.282205080405099729e-01
-7.282205080404964281e-01
-1.038910734128316138e+00
-1.038910734128256186e+00
-1.038910734128292379e+00
-1.038910734128287716e+00
-1.038910734128274393e+00
-1.038910734128305702e+00
-1.038910734128272395e+00
-1.038910734128309699e+00
-1.038910734128276614e+00
-1.038910734128281499e+00
-1.038910734128251967e+00
-1.038910734128303037e+00
-1.038910734128308144e+00
-1.038910734128294155e+00
-1.038910734128298374e+00
-1.038910734128317470e+00
-1.038910734128259294e+00
-1.038910734128274171e+00
-1.038910734128301483e+00
-1.038910734128292379e+00
-1.038910734128280389e+00
-1.038910734128286828e+00
-1.038910734128296820e+00
-1.038910734128280167e+00
-1.038910734128314806e+00
-1.038910734128325686e+00
-1.038910734128285052e+00
-1.038910734128291713e+00
-1.038910734128306368e+00
-1.038910734128317248e+00
-1.038910734128283941e+00
-1.038910734128258184e+00
-1.038910734128273283e+00
-1.038910734128293267e+00
-1.038910734128273061e+00
-1.038910734128301483e+00
-1.038910734128275282e+00
-1.038910734128253299e+00
-1.038910734128269509e+00
-1.038910734128254632e+00
-1.038910734128289493e+00
-1.038910734128299707e+00
-1.038910734128280389e+00
-1.038910734128284163e+00
-1.038910734128305258e+00
-1.038910734128287494e+00
-1.038910734128311253e+00
-1.038910734128285940e+00
-1.038910734128282831e+00
-1.038910734128304147e+00
-1.038910734128267510e+00
-1.038910734128295488e+00
-1.038910734128315916e+00
-1.038910734128303703e+00
-1.038910734128299262e+00
-1.038910734128317470e+00
-1.038910734128294377e+00
-1.038910734128272839e+00
-1.038910734128287716e+00
-1.038910734128278834e+00
-1.310045169347137106e+00
-1.310045169347109351e+00
-1.310045169347124006e+00
-1.310045169347112237e+00
-1.310045169347113347e+00
-1.310045169347133331e+00
-1.310045169347110683e+00
-1.310045169347132221e+00
-1.310045169347110461e+00
-1.310045169347123561e+00
-1.310045169347091365e+00
-1.310045169347134442e+00
-1.310045169347137106e+00
-1.310045169347129779e+00
-1.310045169347129779e+00
-1.310045169347142213e+00
-1.310045169347098692e+00
-1.310045169347103133e+00
-1.310045169347126892e+00
-1.310045169347126448e+00
-1.310045169347114680e+00
-1.310045169347122007e+00
-1.310045169347124450e+00
-1.310045169347118232e+00
-1.310045169347138216e+00
-1.310045169347146654e+00
-1.310045169347112903e+00
-1.310045169347132221e+00
-1.310045169347135774e+00
-1.310045169347142879e+00
-1.310045169347119787e+00
-1.310045169347093363e+00
-1.310045169347112015e+00
-1.310045169347125782e+00
-1.310045169347113569e+00
-1.310045169347131555e+00
-1.310045169347112681e+00
-1.310045169347089367e+00
-1.310045169347109795e+00
-1.310045169347093585e+00
-1.310045169347129779e+00
-1.310045169347127780e+00
-1.310045169347119121e+00
-1.310045169347118232e+00
-1.310045169347137550e+00
-1.310045169347125782e+00
-1.310045169347143545e+00
-1.310045169347127114e+00
-1.310045169347112015e+00
-1.310045169347146432e+00
-1.310045169347112681e+00
-1.310045169347124228e+00
-1.310045169347141769e+00
-1.310045169347129779e+00
-1.310045169347125338e+00
-1.310045169347133331e+00
-1.310045169347122673e+00
-1.310045169347107574e+00
-1.310045169347117566e+00
-1.310045169347113792e+00
-1.473363105985384225e+00
-1.473363105985394439e+00
-1.473363105985386223e+00
-1.473363105985361798e+00
-1.473363105985382004e+00
-1.473363105985387778e+00
-1.473363105985378008e+00
-1.473363105985382671e+00
-1.473363105985376009e+00
-1.473363105985400212e+00
-1.473363105985363797e+00
-1.473363105985392885e+00
-1.473363105985394217e+00
-1.473363105985395105e+00
-1.473363105985388888e+00
-1.473363105985391330e+00
-1.473363105985369792e+00
-1.473363105985361576e+00
-1.473363105985380672e+00
-1.473363105985393551e+00
-1.473363105985377564e+00
-1.473363105985388000e+00
-1.473363105985381782e+00
-1.473363105985385557e+00
-1.473363105985387334e+00
-1.473363105985392218e+00
-1.473363105985370014e+00
-1.473363105985403543e+00
-1.473363105985394439e+00
-1.473363105985392885e+00
-1.473363105985386001e+00
-1.473363105985354915e+00
-1.473363105985380006e+00
-1.473363105985385779e+00
-1.473363105985382671e+00
-1.473363105985392218e+00
-1.473363105985380450e+00
-1.473363105985360022e+00
-1.473363105985379340e+00
-1.473363105985367350e+00
-1.473363105985399768e+00
-1.473363105985383559e+00
-1.473363105985387778e+00
-1.473363105985380450e+00
-1.473363105985394439e+00
-1.473363105985395771e+00
-1.473363105985404653e+00
-1.473363105985398658e+00
-1.473363105985374455e+00
-1.473363105985417310e+00
-1.473363105985386667e+00
-1.473363105985377564e+00
-1.473363105985394661e+00
-1.473363105985385113e+00
-1.473363105985379562e+00
-1.473363105985375121e+00
-1.473363105985382671e+00
-1.473363105985370014e+00
-1.473363105985374899e+00
-1.473363105985379784e+00
-1.521997001252281434e+00
-1.521997001252320292e+00
-1.521997001252288539e+00
-1.521997001252260340e+00
-1.521997001252295645e+00
-1.521997001252291426e+00
-1.521997001252292758e+00
-1.521997001252283654e+00
-1.521997001252287207e+00
-1.521997001252319626e+00
-1.521997001252279880e+00
-1.521997001252295423e+00
-1.521997001252298309e+00
-1.521997001252304083e+00
-1.521997001252293424e+00
-1.521997001252287429e+00
-1.521997001252286541e+00
-1.521997001252267223e+00
-1.521997001252280768e+00
-1.521997001252302972e+00
-1.521997001252286097e+00
-1.521997001252297199e+00
-1.521997001252284765e+00
-1.521997001252297199e+00
-1.521997001252286541e+00
-1.521997001252284765e+00
-1.521997001252274551e+00
-1.521997001252316517e+00
-1.521997001252297643e+00
-1.521997001252291204e+00
-1.521997001252299864e+00
-1.521997001252263448e+00
-1.521997001252294979e+00
-1.521997001252290316e+00
-1.521997001252296089e+00
-1.521997001252298087e+00
-1.521997001252295201e+00
-1.521997001252276327e+00
-1.521997001252292314e+00
-1.521997001252288539e+00
-1.521997001252312964e+00
-1.521997001252286319e+00
-1.521997001252301862e+00
-1.521997001252286985e+00
-1.521997001252294979e+00
-1.521997001252310078e+00
-1.521997001252309634e+00
-1.521997001252310966e+00
-1.521997001252278103e+00
-1.521997001252330728e+00
-1.521997001252304749e+00
-1.521997001252280324e+00
-1.521997001252294313e+00
-1.521997001252284765e+00
-1.521997001252279880e+00
-1.521997001252267889e+00
-1.521997001252286763e+00
-1.521997001252275217e+00
-1.521997001252275661e+00
-1.521997001252290316e+00
-1.506758770976493356e+00
-1.506758770976538653e+00
-1.506758770976504014e+00
-1.506758770976467821e+00
-1.506758770976510009e+00
-1.506758770976504458e+00
-1.506758770976510009e+00
-1.506758770976500239e+00
-1.506758770976508011e+00
-1.506758770976538209e+00
-1.506758770976500461e+00
-1.506758770976508233e+00
-1.506758770976508899e+00
-1.506758770976520001e+00
-1.506758770976502237e+00
-1.506758770976515338e+00
-1.506758770976508233e+00
-1.506758770976490247e+00
-1.506758770976496242e+00
-1.506758770976518225e+00
-1.506758770976502460e+00
-1.506758770976511785e+00
-1.506758770976496242e+00
-1.506758770976519557e+00
-1.506758770976497352e+00
-1.506758770976488693e+00
-1.506758770976489137e+00
-1.506758770976530215e+00
-1.506758770976506900e+00
-1.506758770976499129e+00
-1.506758770976519113e+00
-1.506758770976500461e+00
-1.506758770976519557e+00
-1.506758770976498019e+00
-1.506758770976512452e+00
-1.506758770976513118e+00
-1.506758770976515338e+00
-1.506758770976501793e+00
-1.506758770976512229e+00
-1.506758770976519557e+00
-1.506758770976524886e+00
-1.506758770976503126e+00
-1.506758770976520001e+00
-1.506758770976495132e+00
-1.506758770976518447e+00
-1.506758770976530215e+00
-1.506758770976526218e+00
-1.506758770976521777e+00
-1.506758770976495354e+00
-1.506758770976536210e+00
-1.506758770976525774e+00
-1.506758770976490247e+00
-1.506758770976504458e+00
-1.506758770976495576e+00
-1.506758770976493578e+00
-1.506758770976484696e+00
-1.506758770976509565e+00
-1.506758770976503570e+00
-1.506758770976489803e+00
-1.506758770976507344e+00
-1.472045158572447887e+00
-1.472045158572483636e+00
-1.472045158572452328e+00
-1.472045158572417245e+00
-1.472045158572459878e+00
-1.472045158572456769e+00
-1.472045158572459655e+00
-1.472045158572457435e+00
-1.472045158572463874e+00
-1.472045158572481638e+00
-1.472045158572459211e+00
-1.472045158572444778e+00
-1.472045158572454104e+00
-1.472045158572468537e+00
-1.472045158572448553e+00
-1.472045158572448331e+00
-1.472045158572461210e+00
-1.472045158572451662e+00
-1.472045158572449441e+00
-1.472045158572468093e+00
-1.472045158572456103e+00
-1.472045158572459211e+00
-1.472045158572445445e+00
-1.472045158572462542e+00
-1.472045158572447887e+00
-1.472045158572430346e+00
-1.472045158572439005e+00
-1.472045158572474977e+00
-1.472045158572452772e+00
-1.472045158572446111e+00
-1.472045158572472090e+00
-1.472045158572443224e+00
-1.472045158572475865e+00
-1.472045158572441226e+00
-1.472045158572462320e+00
-1.472045158572463652e+00
-1.472045158572464763e+00
-1.472045158572464540e+00
-1.472045158572452328e+00
-1.472045158572480528e+00
-1.472045158572471868e+00
-1.472045158572454104e+00
-1.472045158572469870e+00
-1.472045158572438117e+00
-1.472045158572445667e+00
-1.472045158572480750e+00
-1.472045158572463652e+00
-1.472045158572464318e+00
-1.472045158572447221e+00
-1.472045158572474977e+00
-1.472045158572477197e+00
-1.472045158572440116e+00
-1.472045158572449886e+00
-1.472045158572442558e+00
-1.472045158572446777e+00
-1.472045158572439227e+00
-1.472045158572462542e+00
-1.472045158572437229e+00
-1.472045158572439894e+00
-1.472045158572462320e+00
-1.426353412113396502e+00
-1.426353412113433139e+00
-1.426353412113404939e+00
-1.426353412113371188e+00
-1.426353412113407826e+00
-1.426353412113407826e+00
-1.426353412113411601e+00
-1.426353412113408714e+00
-1.426353412113418484e+00
-1.426353412113428698e+00
-1.426353412113412267e+00
-1.426353412113392727e+00
-1.426353412113404051e+00
-1.426353412113418706e+00
-1.426353412113396280e+00
-1.426353412113417152e+00
-1.426353412113418928e+00
-1.426353412113409158e+00
-1.426353412113404939e+00
-1.426353412113418262e+00
-1.426353412113407826e+00
-1.426353412113408270e+00
-1.426353412113396280e+00
-1.426353412113416486e+00
-1.426353412113396946e+00
-1.426353412113377850e+00
-1.426353412113392283e+00
-1.426353412113423369e+00
-1.426353412113396724e+00
-1.426353412113392283e+00
-1.426353412113424701e+00
-1.426353412113420926e+00
-1.426353412113430918e+00
-1.426353412113387176e+00
-1.426353412113413599e+00
-1.426353412113416042e+00
-1.426353412113417818e+00
-1.426353412113420704e+00
-1.426353412113404051e+00
-1.426353412113439356e+00
-1.426353412113416930e+00
-1.426353412113405827e+00
-1.426353412113422925e+00
-1.426353412113387398e+00
-1.426353412113412711e+00
-1.426353412113432473e+00
-1.426353412113413821e+00
-1.426353412113406938e+00
-1.426353412113401387e+00
-1.426353412113415153e+00
-1.426353412113428476e+00
-1.426353412113393171e+00
-1.426353412113396057e+00
-1.426353412113391839e+00
-1.426353412113400054e+00
-1.426353412113394059e+00
-1.426353412113417374e+00
-1.426353412113407826e+00
-1.426353412113391617e+00
-1.426353412113415597e+00
-1.333769876703320811e+00
-1.333769876703359669e+00
-1.333769876703330137e+00
-1.333769876703309709e+00
-1.333769876703338131e+00
-1.333769876703333912e+00
-1.333769876703339907e+00
-1.333769876703335688e+00
-1.333769876703347901e+00
-1.333769876703347901e+00
-1.333769876703348345e+00
-1.333769876703315704e+00
-1.333769876703327029e+00
-1.333769876703340795e+00
-1.333769876703326140e+00
-1.333769876703332358e+00
-1.333769876703353674e+00
-1.333769876703343016e+00
-1.333769876703335022e+00
-1.333769876703345902e+00
-1.333769876703336799e+00
-1.333769876703331914e+00
-1.333769876703326140e+00
-1.333769876703346569e+00
-1.333769876703322588e+00
-1.333769876703304158e+00
-1.333769876703323254e+00
-1.333769876703342572e+00
-1.333769876703321922e+00
-1.333769876703312596e+00
-1.333769876703351676e+00
-1.333769876703358115e+00
-1.333769876703361668e+00
-1.333769876703314594e+00
-1.333769876703343682e+00
-1.333769876703342350e+00
-1.333769876703346124e+00
-1.333769876703355450e+00
-1.333769876703333912e+00
-1.333769876703368329e+00
-1.333769876703341684e+00
-1.333769876703332136e+00
-1.333769876703348789e+00
-1.333769876703323254e+00
-1.333769876703332580e+00
-1.333769876703355450e+00
-1.333769876703333468e+00
-1.333769876703332136e+00
-1.333769876703334356e+00
-1.333769876703332358e+00
-1.333769876703359225e+00
-1.333769876703322366e+00
-1.333769876703319701e+00
-1.333769876703318147e+00
-1.333769876703328805e+00
-1.333769876703320589e+00
-1.333769876703340129e+00
-1.333769876703343238e+00
-1.333769876703325918e+00
-1.333769876703346347e+00
-1.131392956913554126e+00
-1.131392956913612524e+00
-1.131392956913577885e+00
-1.131392956913572112e+00
-1.131392956913594983e+00
-1.131392956913574332e+00
-1.131392956913592984e+00
-1.131392956913573222e+00
-1.131392956913594317e+00
-1.131392956913584991e+00
-1.131392956913605197e+00
-1.131392956913564118e+00
-1.131392956913572778e+00
-1.131392956913578995e+00
-1.131392956913579884e+00
-1.131392956913563008e+00
-1.131392956913607195e+00
-1.131392956913588099e+00
-1.131392956913582104e+00
-1.131392956913593428e+00
-1.131392956913584769e+00
-1.131392956913578329e+00
-1.131392956913575221e+00
-1.131392956913601200e+00
-1.131392956913566339e+00
-1.131392956913556347e+00
-1.131392956913578995e+00
-1.131392956913582548e+00
-1.131392956913568781e+00
-1.131392956913551240e+00
-1.131392956913592540e+00
-1.131392956913608749e+00
-1.131392956913604975e+00
-1.131392956913577219e+00
-1.131392956913596759e+00
-1.131392956913587655e+00
-1.131392956913590542e+00
-1.131392956913606529e+00
-1.131392956913591430e+00
-1.131392956913611192e+00
-1.131392956913590986e+00
-1.131392956913574332e+00
-1.131392956913592984e+00
-1.131392956913590320e+00
-1.131392956913572778e+00
-1.131392956913595649e+00
-1.131392956913575887e+00
-1.131392956913583214e+00
-1.131392956913588321e+00
-1.131392956913577663e+00
-1.131392956913606973e+00
-1.131392956913569892e+00
-1.131392956913557679e+00
-1.131392956913567227e+00
-1.131392956913578995e+00
-1.131392956913557235e+00
-1.131392956913575221e+00
-1.131392956913596537e+00
-1.131392956913585213e+00
-1.131392956913597869e+00
-8.452324602131110476e-01
-8.452324602131864317e-01
-8.452324602131467968e-01
-8.452324602131547904e-01
-8.452324602131714437e-01
-8.452324602131391362e-01
-8.452324602131671138e-01
-8.452324602131343623e-01
-8.452324602131596754e-01
-8.452324602131482401e-01
-8.452324602131833231e-01
-8.452324602131386921e-01
-8.452324602131429110e-01
-8.452324602131418008e-01
-8.452324602131571218e-01
-8.452324602131139342e-01
-8.452324602131777720e-01
-8.452324602131560116e-01
-8.452324602131521258e-01
-8.452324602131621178e-01
-8.452324602131588982e-01
-8.452324602131459086e-01
-8.452324602131487952e-01
-8.452324602131784381e-01
-8.452324602131363607e-01
-8.452324602131342512e-01
-8.452324602131552345e-01
-8.452324602131479070e-01
-8.452324602131442433e-01
-8.452324602131152664e-01
-8.452324602131553455e-01
-8.452324602131773279e-01
-8.452324602131666698e-01
-8.452324602131594533e-01
-8.452324602131705555e-01
-8.452324602131561226e-01
-8.452324602131596754e-01
-8.452324602131754405e-01
-8.452324602131713327e-01
-8.452324602131681131e-01
-8.452324602131627840e-01
-8.452324602131381370e-01
-8.452324602131580100e-01
-8.452324602131799924e-01
-8.452324602131358056e-01
-8.452324602131570108e-01
-8.452324602131456865e-01
-8.452324602131643383e-01
-8.452324602131625619e-01
-8.452324602131503495e-01
-8.452324602131766618e-01
-8.452324602131423559e-01
-8.452324602131233711e-01
-8.452324602131383591e-01
-8.452324602131480180e-01
-8.452324602131131570e-01
-8.452324602131315867e-01
-8.452324602131726650e-01
-8.452324602131660036e-01
-8.452324602131683351e-01
-5.565703034579391195e-01
-5.565703034580127273e-01
-5.565703034579748687e-01
-5.565703034579940756e-01
-5.565703034580036235e-01
-5.565703034579664310e-01
-5.565703034579949637e-01
-5.565703034579576602e-01
-5.565703034579848607e-01
-5.565703034579742026e-01
-5.565703034580107289e-01
-5.565703034579748687e-01
-5.565703034579746467e-01
-5.565703034579672082e-01
-5.565703034579925212e-01
-5.565703034579323472e-01
-5.565703034580039565e-01
-5.565703034579748687e-01
-5.565703034579755348e-01
-5.565703034579861930e-01
-5.565703034579843056e-01
-5.565703034579732034e-01
-5.565703034579798647e-01
-5.565703034580065101e-01
-5.565703034579659869e-01
-5.565703034579745356e-01
-5.565703034579874142e-01
-5.565703034579754238e-01
-5.565703034579775332e-01
-5.565703034579471131e-01
-5.565703034579778663e-01
-5.565703034579954078e-01
-5.565703034579829733e-01
-5.565703034579986275e-01
-5.565703034579994046e-01
-5.565703034579795316e-01
-5.565703034579849717e-01
-5.565703034579966291e-01
-5.565703034580048447e-01
-5.565703034579837505e-01
-5.565703034579928543e-01
-5.565703034579638775e-01
-5.565703034579829733e-01
-5.565703034580210540e-01
-5.565703034579611019e-01
-5.565703034579774222e-01
-5.565703034579743136e-01
-5.565703034579982944e-01
-5.565703034579935204e-01
-5.565703034579848607e-01
-5.565703034579976283e-01
-5.565703034579735364e-01
-5.565703034579541075e-01
-5.565703034579720931e-01
-5.565703034579745356e-01
-5.565703034579388975e-01
-5.565703034579524422e-01
-5.565703034579994046e-01
-5.565703034580016251e-01
-5.565703034579917441e-01
-3.379394677198392372e-01
-3.379394677198944708e-01
-3.379394677198665486e-01
-3.379394677198865882e-01
-3.379394677198910291e-01
-3.379394677198579999e-01
-3.379394677198816477e-01
-3.379394677198516717e-01
-3.379394677198709895e-01
-3.379394677198627184e-01
-3.379394677198921393e-01
-3.379394677198692132e-01
-3.379394677198650498e-01
-3.379394677198565011e-01
-3.379394677198812591e-01
-3.379394677198288566e-01
-3.379394677198838681e-01
-3.379394677198632735e-01
-3.379394677198632180e-01
-3.379394677198688801e-01
-3.379394677198743757e-01
-3.379394677198627739e-01
-3.379394677198673258e-01
-3.379394677198868102e-01
-3.379394677198607755e-01
-3.379394677198687691e-01
-3.379394677198785391e-01
-3.379394677198644392e-01
-3.379394677198703234e-01
-3.379394677198460095e-01
-3.379394677198633290e-01
-3.379394677198778174e-01
-3.379394677198664376e-01
-3.379394677198897523e-01
-3.379394677198848118e-01
-3.379394677198685470e-01
-3.379394677198725438e-01
-3.379394677198773733e-01
-3.379394677198904184e-01
-3.379394677198638286e-01
-3.379394677198787056e-01
-3.379394677198557240e-01
-3.379394677198706010e-01
-3.379394677199060726e-01
-3.379394677198548913e-01
-3.379394677198609975e-01
-3.379394677198641062e-01
-3.379394677198878094e-01
-3.379394677198801489e-01
-3.379394677198750974e-01
-3.379394677198805930e-01
-3.379394677198685470e-01
-3.379394677198479524e-01
-3.379394677198653829e-01
-3.379394677198647168e-01
-3.379394677198362951e-01
-3.379394677198454544e-01
-3.379394677198868657e-01
-3.379394677198886421e-01
-3.379394677198752084e-01
-2.046014917835315139e-01
-2.046014917835561886e-01
-2.046014917835457247e-01
-2.046014917835536351e-01
-2.046014917835582425e-01
-2.046014917835360658e-01
-2.046014917835498881e-01
-2.046014917835353164e-01
-2.046014917835469737e-01
-2.046014917835404234e-01
-2.046014917835550784e-01
-2.046014917835446700e-01
-2.046014917835433933e-01
-2.046014917835356217e-01
-2.046014917835509428e-01
-2.046014917835178026e-01
-2.046014917835412283e-01
-2.046014917835386193e-01
-2.046014917835320690e-01
-2.046014917835361213e-01
-2.046014917835471125e-01
-2.046014917835385361e-01
-2.046014917835391467e-01
-2.046014917835483615e-01
-2.046014917835403679e-01
-2.046014917835441982e-01
-2.046014917835518865e-01
-2.046014917835441982e-01
-2.046014917835476676e-01
-2.046014917835319580e-01
-2.046014917835344837e-01
-2.046014917835443925e-01
-2.046014917835388414e-01
-2.046014917835562996e-01
-2.046014917835523861e-01
-2.046014917835389801e-01
-2.046014917835466129e-01
-2.046014917835442815e-01
-2.046014917835549396e-01
-2.046014917835374536e-01
-2.046014917835470015e-01
-2.046014917835337343e-01
-2.046014917835388136e-01
-2.046014917835653202e-01
-2.046014917835332347e-01
-2.046014917835324853e-01
-2.046014917835394797e-01
-2.046014917835598523e-01
-2.046014917835537461e-01
-2.046014917835471403e-01
-2.046014917835483893e-01
-2.046014917835444757e-01
-2.046014917835291824e-01
-2.046014917835451696e-01
-2.046014917835404512e-01
-2.046014917835256020e-01
-2.046014917835316527e-01
-2.046014917835530245e-01
-2.046014917835566882e-01
-2.046014917835473901e-01
