2.952062112642931613e+00
2.952062112642931613e+00
2.952062112642931613e+00
2.952062112642931613e+00
2.952062112642931613e+00
2.952062112642931613e+00
2.952062112642931613e+00
2.952062112642931613e+00
2.952062112642931613e+00
2.952062112642931613e+00
2.952062112642931613e+00
2.952062112642931613e+00
2.952062112642931613e+00
2.952062112642931613e+00
2.952062112642931613e+00
2.952062112642931613e+00
2.952062112642931613e+00
2.952062112642931613e+00
2.952062112642931613e+00
2.952062112642931613e+00
2.952062112642931613e+00
2.952062112642931613e+00
2.952062112642931613e+00
2.952062112642931613e+00
2.952062112642931613e+00
2.952062112642931613e+00
2.952062112642931613e+00
2.952062112642931613e+00
2.952062112642931613e+00
2.952062112642931613e+00
2.952062112642931613e+00
2.952062112642931613e+00
2.952062112642931613e+00
2.952062112642931613e+00
2.952062112642931613e+00
2.952062112642931613e+00
2.952062112642931613e+00
2.952062112642931613e+00
2.952062112642931613e+00
2.952062112642931613e+00
2.952062112642931613e+00
2.952062112642931613e+00
2.952062112642931613e+00
2.952062112642931613e+00
2.952062112642931613e+00
2.952062112642931613e+00
2.952062112642931613e+00
2.952062112642931613e+00
2.952062112642931613e+00
2.952062112642931613e+00
2.952062112642931613e+00
2.952062112642931613e+00
2.952062112642931613e+00
2.952062112642931613e+00
2.952062112642931613e+00
2.952062112642931613e+00
2.952062112642931613e+00
2.952062112642931613e+00
2.952062112642931613e+00
2.952062112642931613e+00
2.952062112642931613e+00
2.952062112642931613e+00
2.952062112642931613e+00
2.952062112642931613e+00
2.952062112642931613e+00
2.952062112642931613e+00
2.952062112642931613e+00
2.952062112642931613e+00
2.952062112642931613e+00
2.952062112642931613e+00
2.952062112642931613e+00
2.952062112642931613e+00
2.952062112642931613e+00
2.952062112642931613e+00
2.952062112642931613e+00
2.952062112642931613e+00
2.952062112642931613e+00
2.952062112642931613e+00
2.952062112642931613e+00
2.952062112642931613e+00
2.952062112642931613e+00
2.952062112642931613e+00
2.952062112642931613e+00
2.952062112642931613e+00
2.543991508764067433e+00
2.543991508763447928e+00
2.543991508761163978e+00
2.543991508757246667e+00
2.543991508751815900e+00
2.543991508745067520e+00
2.543991508737271978e+00
2.543991508728755235e+00
2.543991508719885886e+00
2.543991508711054728e+00
2.543991508702656557e+00
2.543991508695070181e+00
2.543991508688638881e+00
2.543991508683653091e+00
2.543991508680336633e+00
2.543991508678835167e+00
2.543991508679204649e+00
2.543991508681414437e+00
2.543991508685346403e+00
2.543991508690796266e+00
2.543991508697489579e+00
2.543991508705093718e+00
2.543991508713229432e+00
2.543991508721498374e+00
2.543991508729493312e+00
2.543991508736826557e+00
2.543991508743145058e+00
2.543991508748147723e+00
2.543991508751602737e+00
2.543991508753359110e+00
2.543991508753349784e+00
2.543991508751602737e+00
2.543991508748232988e+00
2.543991508743442598e+00
2.543991508737504681e+00
2.543991508730754081e+00
2.543991508723570050e+00
2.543991508716356709e+00
2.543991508709524396e+00
2.543991508703465687e+00
2.543991508698538961e+00
2.543991508695051529e+00
2.543991508693240089e+00
2.543991508693261405e+00
2.543991508695183867e+00
2.543991508698983051e+00
2.543991508704544824e+00
2.543991508711668459e+00
2.543991508720074179e+00
2.543991508729424478e+00
2.543991508739333440e+00
2.543991508749383179e+00
2.543991508759154474e+00
2.543991508768236542e+00
2.543991508776252797e+00
2.543991508782876831e+00
2.543991508787850631e+00
2.543991508790990785e+00
2.543991508792201817e+00
2.543991508791482392e+00
2.543991508788916001e+00
2.543991508784674949e+00
2.543991508779009703e+00
2.543991508772228904e+00
2.543991508764691378e+00
2.543991508756786146e+00
2.543991508748907115e+00
2.543991508741443752e+00
2.543991508734749551e+00
2.543991508729135820e+00
2.543991508724846806e+00
2.543991508722052597e+00
2.543991508720842454e+00
2.543991508721217709e+00
2.543991508723089545e+00
2.543991508726295869e+00
2.543991508730593765e+00
2.543991508735687912e+00
2.543991508741235030e+00
2.543991508746866526e+00
2.543991508752208919e+00
2.543991508756903830e+00
2.543991508760619524e+00
2.543991508763079334e+00
1.465157876743408139e+00
1.465157876748402366e+00
1.465157876743003129e+00
1.465157876727342767e+00
1.465157876702078754e+00
1.465157876668362613e+00
1.465157876627781519e+00
1.465157876582277696e+00
1.465157876534055825e+00
1.465157876485467581e+00
1.465157876438895501e+00
1.465157876396632419e+00
1.465157876360765554e+00
1.465157876333073483e+00
1.465157876314931329e+00
1.465157876307245921e+00
1.465157876310404728e+00
1.465157876324257868e+00
1.465157876348124555e+00
1.465157876380825286e+00
1.465157876420739802e+00
1.465157876465887021e+00
1.465157876514027402e+00
1.465157876562768191e+00
1.465157876609687326e+00
1.465157876652454005e+00
1.465157876688944372e+00
1.465157876717347873e+00
1.465157876736259857e+00
1.465157876744749288e+00
1.465157876742410048e+00
1.465157876729378028e+00
1.465157876706327356e+00
1.465157876674435977e+00
1.465157876635329037e+00
1.465157876590996944e+00
1.465157876543697446e+00
1.465157876495842615e+00
1.465157876449879826e+00
1.465157876408167636e+00
1.465157876372860546e+00
1.465157876345801524e+00
1.465157876328428976e+00
1.465157876321702801e+00
1.465157876326061537e+00
1.465157876341395715e+00
1.465157876367054968e+00
1.465157876401879555e+00
1.465157876444258100e+00
1.465157876492205968e+00
1.465157876543465632e+00
1.465157876595617692e+00
1.465157876646199453e+00
1.465157876692828154e+00
1.465157876733319542e+00
1.465157876765792233e+00
1.465157876788762747e+00
1.465157876801218340e+00
1.465157876802663628e+00
1.465157876793146130e+00
1.465157876773248935e+00
1.465157876744064724e+00
1.465157876707134266e+00
1.465157876664370473e+00
1.465157876617962485e+00
1.465157876570262419e+00
1.465157876523669023e+00
1.465157876480506882e+00
1.465157876442908291e+00
1.465157876412707783e+00
1.465157876391351532e+00
1.465157876379823421e+00
1.465157876378599289e+00
1.465157876387621849e+00
1.465157876406307125e+00
1.465157876433573758e+00
1.465157876467900522e+00
1.465157876507403589e+00
1.465157876549933125e+00
1.465157876593183639e+00
1.465157876634811451e+00
1.465157876672553039e+00
1.465157876704344275e+00
1.465157876728419462e+00
1.466601229569027554e-01
1.466601229710803589e-01
1.466601229637748971e-01
1.466601229352179347e-01
1.466601228867204232e-01
1.466601228206074747e-01
1.466601227401023722e-01
1.466601226491650589e-01
1.466601225522934926e-01
1.466601224542977699e-01
1.466601223600580706e-01
1.466601222742793531e-01
1.466601222012541006e-01
1.466601221446460768e-01
1.466601221073049188e-01
1.466601220911221137e-01
1.466601220969341035e-01
1.466601221244794306e-01
1.466601221724098125e-01
1.466601222383565606e-01
1.466601223190477365e-01
1.466601224104711609e-01
1.466601225080745308e-01
1.466601226069927655e-01
1.466601227022912568e-01
1.466601227892129766e-01
1.466601228634166199e-01
1.466601229211945134e-01
1.466601229596587175e-01
1.466601229768862702e-01
1.466601229720163879e-01
1.466601229452945132e-01
1.466601228980611293e-01
1.466601228326854522e-01
1.466601227524484408e-01
1.466601226613789277e-01
1.466601225640537798e-01
1.466601224653692748e-01
1.466601223702967416e-01
1.466601222836352580e-01
1.466601222097712320e-01
1.466601221524601317e-01
1.466601221146383860e-01
1.466601220982770015e-01
1.466601221042828362e-01
1.466601221324533300e-01
1.466601221814861633e-01
1.466601222490442058e-01
1.466601223318720615e-01
1.466601224259577452e-01
1.466601225267329667e-01
1.466601226293005877e-01
1.466601227286780940e-01
1.466601228200458962e-01
1.466601228989866113e-01
1.466601229617043312e-01
1.466601230052129445e-01
1.466601230274832968e-01
1.466601230275426937e-01
1.466601230055216698e-01
1.466601229626449676e-01
1.466601229011685881e-01
1.466601228242644106e-01
1.466601227358600990e-01
1.466601226404404823e-01
1.466601225428218191e-01
1.466601224479097965e-01
1.466601223604527549e-01
1.466601222848039621e-01
1.466601222247033431e-01
1.466601221830908242e-01
1.466601221619595052e-01
1.466601221622576001e-01
1.466601221838416680e-01
1.466601222254859671e-01
1.466601222849461816e-01
1.466601223590736081e-01
1.466601224439755546e-01
1.466601225352131832e-01
1.466601226280263293e-01
1.466601227175745592e-01
1.466601227991822798e-01
1.466601228685759650e-01
1.466601229221001224e-01
-8.982093333511177446e-01
-8.982093333335057217e-01
-8.982093333393467161e-01
-8.982093333684215697e-01
-8.982093334193370637e-01
-8.982093334895943082e-01
-8.982093335757145303e-01
-8.982093336734138234e-01
-8.982093337778170872e-01
-8.982093338837034979e-01
-8.982093339857690761e-01
-8.982093340788936953e-01
-8.982093341583967661e-01
-8.982093342202750463e-01
-8.982093342614048126e-01
-8.982093342796967361e-01
-8.982093342742051290e-01
-8.982093342451734630e-01
-8.982093341940268205e-01
-8.982093341232978423e-01
-8.982093340365041589e-01
-8.982093339379699781e-01
-8.982093338326111454e-01
-8.982093337256910059e-01
-8.982093336225535074e-01
-8.982093335283589663e-01
-8.982093334478234992e-01
-8.982093333849821004e-01
-8.982093333429866933e-01
-8.982093333239501431e-01
-8.982093333288349024e-01
-8.982093333574068250e-01
-8.982093334082478231e-01
-8.982093334788221473e-01
-8.982093335656047284e-01
-8.982093336642572590e-01
-8.982093337698433544e-01
-8.982093338770766877e-01
-8.982093339805825583e-01
-8.982093340751681199e-01
-8.982093341560821731e-01
-8.982093342192516428e-01
-8.982093342614856368e-01
-8.982093342806344305e-01
-8.982093342756980459e-01
-8.982093342468747688e-01
-8.982093341955527110e-01
-8.982093341242395335e-01
-8.982093340364373235e-01
-8.982093339364689566e-01
-8.982093338292587159e-01
-8.982093337200907079e-01
-8.982093336143416318e-01
-8.982093335172151027e-01
-8.982093334334800838e-01
-8.982093333672344082e-01
-8.982093333217001652e-01
-8.982093332990640500e-01
-8.982093333003698943e-01
-8.982093333254664858e-01
-8.982093333730180040e-01
-8.982093334405708562e-01
-8.982093335246790211e-01
-8.982093336210784651e-01
-8.982093337249000831e-01
-8.982093338309160568e-01
-8.982093339338014237e-01
-8.982093340284024174e-01
-8.982093341099939288e-01
-8.982093341745170934e-01
-8.982093342187814633e-01
-8.982093342406254344e-01
-8.982093342390226054e-01
-8.982093342141329595e-01
-8.982093341672946485e-01
-8.982093341009524945e-01
-8.982093340185367536e-01
-8.982093339242885888e-01
-8.982093338230463520e-01
-8.982093337199993366e-01
-8.982093336204284295e-01
-8.982093335294385472e-01
-8.982093334517002869e-01
-8.982093333912165578e-01
-1.498015122858041392e+00
-1.498015122846698910e+00
-1.498015122848756819e+00
-1.498015122864112092e+00
-1.498015122891991791e+00
-1.498015122930993703e+00
-1.498015122979153846e+00
-1.498015123034047047e+00
-1.498015123092908851e+00
-1.498015123152772521e+00
-1.498015123210620025e+00
-1.498015123263533033e+00
-1.498015123308838570e+00
-1.498015123344246025e+00
-1.498015123367958612e+00
-1.498015123378767965e+00
-1.498015123376112534e+00
-1.498015123360105560e+00
-1.498015123331533527e+00
-1.498015123291813300e+00
-1.498015123242921520e+00
-1.498015123187300013e+00
-1.498015123127727666e+00
-1.498015123067186316e+00
-1.498015123008707539e+00
-1.498015122955223655e+00
-1.498015122909419183e+00
-1.498015122873596283e+00
-1.498015122849559511e+00
-1.498015122838526336e+00
-1.498015122841061419e+00
-1.498015122857054404e+00
-1.498015122885720585e+00
-1.498015122925642428e+00
-1.498015122974836411e+00
-1.498015123030857598e+00
-1.498015123090917777e+00
-1.498015123152026229e+00
-1.498015123211139388e+00
-1.498015123265311832e+00
-1.498015123311846608e+00
-1.498015123348425126e+00
-1.498015123373229063e+00
-1.498015123385026071e+00
-1.498015123383234615e+00
-1.498015123367951729e+00
-1.498015123339948129e+00
-1.498015123300628915e+00
-1.498015123251965619e+00
-1.498015123196393628e+00
-1.498015123136694271e+00
-1.498015123075851163e+00
-1.498015123016905648e+00
-1.498015122962800483e+00
-1.498015122916234398e+00
-1.498015122879527095e+00
-1.498015122854502668e+00
-1.498015122842401015e+00
-1.498015122843811664e+00
-1.498015122858648018e+00
-1.498015122886151351e+00
-1.498015122924928777e+00
-1.498015122973022750e+00
-1.498015123028011875e+00
-1.498015123087129030e+00
-1.498015123147404815e+00
-1.498015123205811649e+00
-1.498015123259419434e+00
-1.498015123305540319e+00
-1.498015123341866817e+00
-1.498015123366581047e+00
-1.498015123378453106e+00
-1.498015123376896351e+00
-1.498015123362001377e+00
-1.498015123334527798e+00
-1.498015123295867168e+00
-1.498015123247973479e+00
-1.498015123193263021e+00
-1.498015123134495585e+00
-1.498015123074632582e+00
-1.498015123016688932e+00
-1.498015122963584744e+00
-1.498015122917993658e+00
-1.498015122882211614e+00
-1.893989583690321110e+00
-1.893989583688535872e+00
-1.893989583687717193e+00
-1.893989583687867517e+00
-1.893989583688941991e+00
-1.893989583690851353e+00
-1.893989583693466150e+00
-1.893989583696624956e+00
-1.893989583700140589e+00
-1.893989583703810764e+00
-1.893989583707426760e+00
-1.893989583710787183e+00
-1.893989583713704183e+00
-1.893989583716015890e+00
-1.893989583717591074e+00
-1.893989583718339142e+00
-1.893989583718214575e+00
-1.893989583717214709e+00
-1.893989583715384617e+00
-1.893989583712813340e+00
-1.893989583709626778e+00
-1.893989583705985025e+00
-1.893989583702072155e+00
-1.893989583698086232e+00
-1.893989583694233092e+00
-1.893989583690710132e+00
-1.893989583687701206e+00
-1.893989583685365075e+00
-1.893989583683830524e+00
-1.893989583683182598e+00
-1.893989583683466593e+00
-1.893989583684681621e+00
-1.893989583686783273e+00
-1.893989583689680956e+00
-1.893989583693247658e+00
-1.893989583697323065e+00
-1.893989583701724877e+00
-1.893989583706254587e+00
-1.893989583710710134e+00
-1.893989583714892566e+00
-1.893989583718621805e+00
-1.893989583721739312e+00
-1.893989583724120074e+00
-1.893989583725676384e+00
-1.893989583726366277e+00
-1.893989583726188419e+00
-1.893989583725188552e+00
-1.893989583723454828e+00
-1.893989583721112924e+00
-1.893989583718317160e+00
-1.893989583715248282e+00
-1.893989583712096580e+00
-1.893989583709060787e+00
-1.893989583706328528e+00
-1.893989583704073887e+00
-1.893989583702442969e+00
-1.893989583701553903e+00
-1.893989583701479074e+00
-1.893989583702252011e+00
-1.893989583703858726e+00
-1.893989583706242152e+00
-1.893989583709299040e+00
-1.893989583712894165e+00
-1.893989583716858327e+00
-1.893989583720999681e+00
-1.893989583725114390e+00
-1.893989583728995951e+00
-1.893989583732442528e+00
-1.893989583735276483e+00
-1.893989583737339277e+00
-1.893989583738511451e+00
-1.893989583738712845e+00
-1.893989583737909932e+00
-1.893989583736115145e+00
-1.893989583733385551e+00
-1.893989583729826176e+00
-1.893989583725578019e+00
-1.893989583720817382e+00
-1.893989583715740777e+00
-1.893989583710563362e+00
-1.893989583705500523e+00
-1.893989583700764756e+00
-1.893989583696549461e+00
-1.893989583693023615e+00
-2.180731905052657016e+00
-2.180731905055264264e+00
-2.180731905053991504e+00
-2.180731905048867159e+00
-2.180731905040115937e+00
-2.180731905028145068e+00
-2.180731905013527427e+00
-2.180731904996970894e+00
-2.180731904979281932e+00
-2.180731904961328294e+00
-2.180731904943992383e+00
-2.180731904928128184e+00
-2.180731904914520847e+00
-2.180731904903840945e+00
-2.180731904896616058e+00
-2.180731904893205009e+00
-2.180731904893772555e+00
-2.180731904898289386e+00
-2.180731904906529461e+00
-2.180731904918076225e+00
-2.180731904932356358e+00
-2.180731904948655764e+00
-2.180731904966158652e+00
-2.180731904983992830e+00
-2.180731905001267457e+00
-2.180731905017123218e+00
-2.180731905030769191e+00
-2.180731905041526808e+00
-2.180731905048864494e+00
-2.180731905052419428e+00
-2.180731905052021968e+00
-2.180731905047700536e+00
-2.180731905039680285e+00
-2.180731905028373330e+00
-2.180731905014356098e+00
-2.180731904998346682e+00
-2.180731904981159541e+00
-2.180731904963671752e+00
-2.180731904946778155e+00
-2.180731904931342058e+00
-2.180731904918159270e+00
-2.180731904907913243e+00
-2.180731904901141771e+00
-2.180731904898209894e+00
-2.180731904899293472e+00
-2.180731904904367635e+00
-2.180731904913209895e+00
-2.180731904925409470e+00
-2.180731904940389487e+00
-2.180731904957434075e+00
-2.180731904975725222e+00
-2.180731904994382298e+00
-2.180731905012505134e+00
-2.180731905029224649e+00
-2.180731905043737484e+00
-2.180731905055349529e+00
-2.180731905063513665e+00
-2.180731905067851972e+00
-2.180731905068174825e+00
-2.180731905064496878e+00
-2.180731905057023301e+00
-2.180731905046150665e+00
-2.180731905032441187e+00
-2.180731905016593419e+00
-2.180731904999415605e+00
-2.180731904981770164e+00
-2.180731904964545276e+00
-2.180731904948599365e+00
-2.180731904934724241e+00
-2.180731904923604247e+00
-2.180731904915779396e+00
-2.180731904911621832e+00
-2.180731904911317187e+00
-2.180731904914849917e+00
-2.180731904922014408e+00
-2.180731904932417642e+00
-2.180731904945501398e+00
-2.180731904960570677e+00
-2.180731904976832780e+00
-2.180731904993427506e+00
-2.180731905009483551e+00
-2.180731905024154926e+00
-2.180731905036661811e+00
-2.180731905046337626e+00
-1.914815280689561749e+00
-1.914815280690705279e+00
-1.914815280690132848e+00
-1.914815280687856891e+00
-1.914815280683977106e+00
-1.914815280678675125e+00
-1.914815280672204301e+00
-1.914815280664878605e+00
-1.914815280657055085e+00
-1.914815280649118101e+00
-1.914815280641458450e+00
-1.914815280634454497e+00
-1.914815280628452410e+00
-1.914815280623749061e+00
-1.914815280620578708e+00
-1.914815280619097670e+00
-1.914815280619379223e+00
-1.914815280621410487e+00
-1.914815280625087546e+00
-1.914815280630228767e+00
-1.914815280636576134e+00
-1.914815280643814122e+00
-1.914815280651583462e+00
-1.914815280659493801e+00
-1.914815280667151676e+00
-1.914815280674176501e+00
-1.914815280680216336e+00
-1.914815280684972976e+00
-1.914815280688210608e+00
-1.914815280689767585e+00
-1.914815280689570853e+00
-1.914815280687633070e+00
-1.914815280684053489e+00
-1.914815280679016407e+00
-1.914815280672778508e+00
-1.914815280665657093e+00
-1.914815280658013874e+00
-1.914815280650237428e+00
-1.914815280642725659e+00
-1.914815280635861372e+00
-1.914815280629997174e+00
-1.914815280625435268e+00
-1.914815280622415905e+00
-1.914815280621099847e+00
-1.914815280621564142e+00
-1.914815280623799243e+00
-1.914815280627706562e+00
-1.914815280633102912e+00
-1.914815280639733164e+00
-1.914815280647280460e+00
-1.914815280655382645e+00
-1.914815280663647812e+00
-1.914815280671679831e+00
-1.914815280679089682e+00
-1.914815280685524979e+00
-1.914815280690675969e+00
-1.914815280694301514e+00
-1.914815280696232636e+00
-1.914815280696387623e+00
-1.914815280694770250e+00
-1.914815280691472443e+00
-1.914815280686668730e+00
-1.914815280680609799e+00
-1.914815280673603848e+00
-1.914815280666008146e+00
-1.914815280658205721e+00
-1.914815280650588480e+00
-1.914815280643537232e+00
-1.914815280637401695e+00
-1.914815280632485850e+00
-1.914815280629027283e+00
-1.914815280627191418e+00
-1.914815280627059080e+00
-1.914815280628625604e+00
-1.914815280631798178e+00
-1.914815280636402939e+00
-1.914815280642192308e+00
-1.914815280648859641e+00
-1.914815280656052776e+00
-1.914815280663391572e+00
-1.914815280670491227e+00
-1.914815280676975373e+00
-1.914815280682502951e+00
-1.914815280686774424e+00
-6.993693885711683711e-01
-6.993693885705101199e-01
-6.993693885702878532e-01
-6.993693885705084545e-01
-6.993693885711568248e-01
-6.993693885721967707e-01
-6.993693885735730031e-01
-6.993693885752136907e-01
-6.993693885770343455e-01
-6.993693885789418196e-01
-6.993693885808386357e-01
-6.993693885826289813e-01
-6.993693885842220404e-01
-6.993693885855375436e-01
-6.993693885865094328e-01
-6.993693885870890803e-01
-6.993693885872480642e-01
-6.993693885869786131e-01
-6.993693885862951598e-01
-6.993693885852328984e-01
-6.993693885838460078e-01
-6.993693885822046541e-01
-6.993693885803923260e-01
-6.993693885785009501e-01
-6.993693885766262275e-01
-6.993693885748626382e-01
-6.993693885732997773e-01
-6.993693885720165815e-01
-6.993693885710783320e-01
-6.993693885705323243e-01
-6.993693885704068691e-01
-6.993693885707084057e-01
-6.993693885714227232e-01
-6.993693885725144055e-01
-6.993693885739298288e-01
-6.993693885755981610e-01
-6.993693885774370234e-01
-6.993693885793551557e-01
-6.993693885812579669e-01
-6.993693885830509771e-01
-6.993693885846465896e-01
-6.993693885859665338e-01
-6.993693885869468607e-01
-6.993693885875408300e-01
-6.993693885877220184e-01
-6.993693885874843197e-01
-6.993693885868432769e-01
-6.993693885858348613e-01
-6.993693885845135849e-01
-6.993693885829498358e-01
-6.993693885812269917e-01
-6.993693885794357579e-01
-6.993693885776708363e-01
-6.993693885760253748e-01
-6.993693885745866368e-01
-6.993693885734316718e-01
-6.993693885726229853e-01
-6.993693885722052084e-01
-6.993693885722034320e-01
-6.993693885726217641e-01
-6.993693885734425519e-01
-6.993693885746276040e-01
-6.993693885761201878e-01
-6.993693885778471397e-01
-6.993693885797237497e-01
-6.993693885816562039e-01
-6.993693885835482460e-01
-6.993693885853045078e-01
-6.993693885868361715e-01
-6.993693885880639671e-01
-6.993693885889253892e-01
-6.993693885893733642e-01
-6.993693885893826900e-01
-6.993693885889491479e-01
-6.993693885880898353e-01
-6.993693885868436100e-01
-6.993693885852677594e-01
-6.993693885834364465e-01
-6.993693885814352695e-01
-6.993693885793599296e-01
-6.993693885773083485e-01
-6.993693885753776707e-01
-6.993693885736596005e-01
-6.993693885722341852e-01
9.226523612934804941e-01
9.226523612933785756e-01
9.226523612935859653e-01
9.226523612940943364e-01
9.226523612948813735e-01
9.226523612959089959e-01
9.226523612971277988e-01
9.226523612984776079e-01
9.226523612998922541e-01
9.226523613013023484e-01
9.226523613026370585e-01
9.226523613038305482e-01
9.226523613048229766e-01
9.226523613055647166e-01
9.226523613060187978e-01
9.226523613061616835e-01
9.226523613059869344e-01
9.226523613055021000e-01
9.226523613047306061e-01
9.226523613037118654e-01
9.226523613024960602e-01
9.226523613011429203e-01
9.226523612997212798e-01
9.226523612983005274e-01
9.226523612969526056e-01
9.226523612957441278e-01
9.226523612947354902e-01
9.226523612939773189e-01
9.226523612935078056e-01
9.226523612933490437e-01
9.226523612935102481e-01
9.226523612939822039e-01
9.226523612947411523e-01
9.226523612957493459e-01
9.226523612969557142e-01
9.226523612982991951e-01
9.226523612997116208e-01
9.226523613011218261e-01
9.226523613024585346e-01
9.226523613036533567e-01
9.226523613046450079e-01
9.226523613053827511e-01
9.226523613058281725e-01
9.226523613059565143e-01
9.226523613057600048e-01
9.226523613052458606e-01
9.226523613044373962e-01
9.226523613033725812e-01
9.226523613021019310e-01
9.226523613006862856e-01
9.226523612991934797e-01
9.226523612976954558e-01
9.226523612962633791e-01
9.226523612949670827e-01
9.226523612938675178e-01
9.226523612930167539e-01
9.226523612924550921e-01
9.226523612922070683e-01
9.226523612922836737e-01
9.226523612926772477e-01
9.226523612933670293e-01
9.226523612943167141e-01
9.226523612954760090e-01
9.226523612967868493e-01
9.226523612981820666e-01
9.226523612995918278e-01
9.226523613009453006e-01
9.226523613021750947e-01
9.226523613032209248e-01
9.226523613040306104e-01
9.226523613045664041e-01
9.226523613048029926e-01
9.226523613047306061e-01
9.226523613043553507e-01
9.226523613036988758e-01
9.226523613027985959e-01
9.226523613017010295e-01
9.226523613004656843e-01
9.226523612991576195e-01
9.226523612978464461e-01
9.226523612966008869e-01
9.226523612954874443e-01
9.226523612945649599e-01
9.226523612938838381e-01
1.691454740188719441e+00
1.691454740187690930e+00
1.691454740187724237e+00
1.691454740188818251e+00
1.691454740190920125e+00
1.691454740193925721e+00
1.691454740197684048e+00
1.691454740202008811e+00
1.691454740206683516e+00
1.691454740211473684e+00
1.691454740216141506e+00
1.691454740220452058e+00
1.691454740224190179e+00
1.691454740227169795e+00
1.691454740229240583e+00
1.691454740230299736e+00
1.691454740230293963e+00
1.691454740229224374e+00
1.691454740227144704e+00
1.691454740224159536e+00
1.691454740220418085e+00
1.691454740216108643e+00
1.691454740211446817e+00
1.691454740206667751e+00
1.691454740202008811e+00
1.691454740197705142e+00
1.691454740193973461e+00
1.691454740190998729e+00
1.691454740188930828e+00
1.691454740187873895e+00
1.691454740187879668e+00
1.691454740188948591e+00
1.691454740191027151e+00
1.691454740194009210e+00
1.691454740197745998e+00
1.691454740202049223e+00
1.691454740206702834e+00
1.691454740211472574e+00
1.691454740216117747e+00
1.691454740220406983e+00
1.691454740224122455e+00
1.691454740227076758e+00
1.691454740229122899e+00
1.691454740230155407e+00
1.691454740230122322e+00
1.691454740229022757e+00
1.691454740226912001e+00
1.691454740223893305e+00
1.691454740220116992e+00
1.691454740215772024e+00
1.691454740211074226e+00
1.691454740206258078e+00
1.691454740201563389e+00
1.691454740197222639e+00
1.691454740193455653e+00
1.691454740190447392e+00
1.691454740188348405e+00
1.691454740187261718e+00
1.691454740187242400e+00
1.691454740188288453e+00
1.691454740190349471e+00
1.691454740193318873e+00
1.691454740197047668e+00
1.691454740201349560e+00
1.691454740206007612e+00
1.691454740210787122e+00
1.691454740215450725e+00
1.691454740219762831e+00
1.691454740223509390e+00
1.691454740226500553e+00
1.691454740228589326e+00
1.691454740229669351e+00
1.691454740229688225e+00
1.691454740228647280e+00
1.691454740226598474e+00
1.691454740223645503e+00
1.691454740219938246e+00
1.691454740215664110e+00
1.691454740211037588e+00
1.691454740206293605e+00
1.691454740201669749e+00
1.691454740197399831e+00
1.691454740193699680e+00
1.691454740190758033e+00
9.660967464078595857e-01
9.660967464077647726e-01
9.660967464076418709e-01
9.660967464074950994e-01
9.660967464073316746e-01
9.660967464071591460e-01
9.660967464069848409e-01
9.660967464068178634e-01
9.660967464066660959e-01
9.660967464065365329e-01
9.660967464064358357e-01
9.660967464063687782e-01
9.660967464063392462e-01
9.660967464063487942e-01
9.660967464063964227e-01
9.660967464064806887e-01
9.660967464065973731e-01
9.660967464067409249e-01
9.660967464069043498e-01
9.660967464070795430e-01
9.660967464072583999e-01
9.660967464074313726e-01
9.660967464075906896e-01
9.660967464077283573e-01
9.660967464078378253e-01
9.660967464079132094e-01
9.660967464079511791e-01
9.660967464079496247e-01
9.660967464079083244e-01
9.660967464078298317e-01
9.660967464077184763e-01
9.660967464075784772e-01
9.660967464074178279e-01
9.660967464072444111e-01
9.660967464070668864e-01
9.660967464068936916e-01
9.660967464067341526e-01
9.660967464065969290e-01
9.660967464064884602e-01
9.660967464064146304e-01
9.660967464063795473e-01
9.660967464063859866e-01
9.660967464064336152e-01
9.660967464065217669e-01
9.660967464066460009e-01
9.660967464068012100e-01
9.660967464069812882e-01
9.660967464071774646e-01
9.660967464073813016e-01
9.660967464075844724e-01
9.660967464077770961e-01
9.660967464079519562e-01
9.660967464081008371e-01
9.660967464082188538e-01
9.660967464082997891e-01
9.660967464083421996e-01
9.660967464083444201e-01
9.660967464083077827e-01
9.660967464082358402e-01
9.660967464081320344e-01
9.660967464080033595e-01
9.660967464078565881e-01
9.660967464076997135e-01
9.660967464075409517e-01
9.660967464073879629e-01
9.660967464072490740e-01
9.660967464071312794e-01
9.660967464070394639e-01
9.660967464069780686e-01
9.660967464069497579e-01
9.660967464069549759e-01
9.660967464069921684e-01
9.660967464070585597e-01
9.660967464071497091e-01
9.660967464072595101e-01
9.660967464073816346e-01
9.660967464075082001e-01
9.660967464076307687e-01
9.660967464077423461e-01
9.660967464078350497e-01
9.660967464079039946e-01
9.660967464079429634e-01
9.660967464079496247e-01
9.660967464079216471e-01
-5.238722094916932193e-01
-5.238722094907907190e-01
-5.238722094907888316e-01
-5.238722094916883343e-01
-5.238722094934445961e-01
-5.238722094959702424e-01
-5.238722094991390410e-01
-5.238722095027926740e-01
-5.238722095067481765e-01
-5.238722095108081511e-01
-5.238722095147689828e-01
-5.238722095184323857e-01
-5.238722095216152841e-01
-5.238722095241581389e-01
-5.238722095259338296e-01
-5.238722095268536494e-01
-5.238722095268717460e-01
-5.238722095259872313e-01
-5.238722095242447363e-01
-5.238722095217319685e-01
-5.238722095185749383e-01
-5.238722095149321856e-01
-5.238722095109863419e-01
-5.238722095069355822e-01
-5.238722095029830772e-01
-5.238722094993272238e-01
-5.238722094961509868e-01
-5.238722094936137941e-01
-5.238722094918429883e-01
-5.238722094909276095e-01
-5.238722094909127325e-01
-5.238722094918001337e-01
-5.238722094935437390e-01
-5.238722094960571729e-01
-5.238722094992133149e-01
-5.238722095028541803e-01
-5.238722095067968043e-01
-5.238722095108430121e-01
-5.238722095147896329e-01
-5.238722095184380478e-01
-5.238722095216051811e-01
-5.238722095241313825e-01
-5.238722095258893097e-01
-5.238722095267903667e-01
-5.238722095267884793e-01
-5.238722095258830924e-01
-5.238722095241192811e-01
-5.238722095215843089e-01
-5.238722095184044081e-01
-5.238722095147384517e-01
-5.238722095107692933e-01
-5.238722095066953299e-01
-5.238722095027199543e-01
-5.238722094990415634e-01
-5.238722094958441211e-01
-5.238722094932872775e-01
-5.238722094914982641e-01
-5.238722094905663429e-01
-5.238722094905376991e-01
-5.238722094914131100e-01
-5.238722094931480555e-01
-5.238722094956559383e-01
-5.238722094988098599e-01
-5.238722095024518355e-01
-5.238722095063989004e-01
-5.238722095104532128e-01
-5.238722095144111579e-01
-5.238722095180751159e-01
-5.238722095212607899e-01
-5.238722095238086407e-01
-5.238722095255919919e-01
-5.238722095265210266e-01
-5.238722095265500034e-01
-5.238722095256778122e-01
-5.238722095239486398e-01
-5.238722095214501939e-01
-5.238722095183074856e-01
-5.238722095146800539e-01
-5.238722095107495313e-01
-5.238722095067139817e-01
-5.238722095027765757e-01
-5.238722094991353773e-01
-5.238722094959732400e-01
-5.238722094934500362e-01
-1.559037130041144747e+00
-1.559037130040991981e+00
-1.559037130040875851e+00
-1.559037130040801244e+00
-1.559037130040771046e+00
-1.559037130040786590e+00
-1.559037130040845875e+00
-1.559037130040945573e+00
-1.559037130041081909e+00
-1.559037130041246222e+00
-1.559037130041431185e+00
-1.559037130041626140e+00
-1.559037130041822428e+00
-1.559037130042010721e+00
-1.559037130042180808e+00
-1.559037130042325137e+00
-1.559037130042435493e+00
-1.559037130042508323e+00
-1.559037130042538521e+00
-1.559037130042526087e+00
-1.559037130042471464e+00
-1.559037130042377095e+00
-1.559037130042248753e+00
-1.559037130042092434e+00
-1.559037130041915908e+00
-1.559037130041728503e+00
-1.559037130041539987e+00
-1.559037130041358798e+00
-1.559037130041195152e+00
-1.559037130041056374e+00
-1.559037130040949792e+00
-1.559037130040880070e+00
-1.559037130040851649e+00
-1.559037130040865637e+00
-1.559037130040920927e+00
-1.559037130041014851e+00
-1.559037130041143637e+00
-1.559037130041300179e+00
-1.559037130041476704e+00
-1.559037130041665220e+00
-1.559037130041856400e+00
-1.559037130042041808e+00
-1.559037130042211450e+00
-1.559037130042358665e+00
-1.559037130042476349e+00
-1.559037130042559616e+00
-1.559037130042606023e+00
-1.559037130042612684e+00
-1.559037130042581820e+00
-1.559037130042515429e+00
-1.559037130042417729e+00
-1.559037130042295161e+00
-1.559037130042156605e+00
-1.559037130042008723e+00
-1.559037130041859509e+00
-1.559037130041719399e+00
-1.559037130041595498e+00
-1.559037130041495800e+00
-1.559037130041425412e+00
-1.559037130041389219e+00
-1.559037130041390551e+00
-1.559037130041427854e+00
-1.559037130041502461e+00
-1.559037130041609043e+00
-1.559037130041743380e+00
-1.559037130041898145e+00
-1.559037130042065566e+00
-1.559037130042236985e+00
-1.559037130042403962e+00
-1.559037130042556507e+00
-1.559037130042686625e+00
-1.559037130042786323e+00
-1.559037130042850716e+00
-1.559037130042875141e+00
-1.559037130042856489e+00
-1.559037130042794761e+00
-1.559037130042691954e+00
-1.559037130042551400e+00
-1.559037130042378649e+00
-1.559037130042182362e+00
-1.559037130041969199e+00
-1.559037130041748931e+00
-1.559037130041532215e+00
-1.559037130041327712e+00
-1.785481640012590576e+00
-1.785481640013405924e+00
-1.785481640013424798e+00
-1.785481640012643645e+00
-1.785481640011102877e+00
-1.785481640008879101e+00
-1.785481640006083115e+00
-1.785481640002855697e+00
-1.785481639999356940e+00
-1.785481639995762482e+00
-1.785481639992253955e+00
-1.785481639989003888e+00
-1.785481639986177482e+00
-1.785481639983915514e+00
-1.785481639982331670e+00
-1.785481639981504554e+00
-1.785481639981475244e+00
-1.785481639982245516e+00
-1.785481639983776292e+00
-1.785481639985990743e+00
-1.785481639988777847e+00
-1.785481639991998160e+00
-1.785481639995488479e+00
-1.785481639999075831e+00
-1.785481640002578141e+00
-1.785481640005820880e+00
-1.785481640008641291e+00
-1.785481640010897708e+00
-1.785481640012477111e+00
-1.785481640013299787e+00
-1.785481640013324878e+00
-1.785481640012551052e+00
-1.785481640011017390e+00
-1.785481640008800719e+00
-1.785481640006012283e+00
-1.785481640002790860e+00
-1.785481639999301873e+00
-1.785481639995716296e+00
-1.785481639992216873e+00
-1.785481639988977909e+00
-1.785481639986162383e+00
-1.785481639983912849e+00
-1.785481639982341440e+00
-1.785481639981528090e+00
-1.785481639981513879e+00
-1.785481639982300583e+00
-1.785481639983848234e+00
-1.785481639986080227e+00
-1.785481639988885538e+00
-1.785481639992122949e+00
-1.785481639995632364e+00
-1.785481639999237036e+00
-1.785481640002757997e+00
-1.785481640006018500e+00
-1.785481640008855342e+00
-1.785481640011127524e+00
-1.785481640012720916e+00
-1.785481640013556248e+00
-1.785481640013592664e+00
-1.785481640012828164e+00
-1.785481640011301385e+00
-1.785481640009089377e+00
-1.785481640006302939e+00
-1.785481640003082404e+00
-1.785481639999589643e+00
-1.785481639995998071e+00
-1.785481639992490210e+00
-1.785481639989240810e+00
-1.785481639986411961e+00
-1.785481639984146662e+00
-1.785481639982557267e+00
-1.785481639981723712e+00
-1.785481639981687740e+00
-1.785481639982449797e+00
-1.785481639983973245e+00
-1.785481639986179925e+00
-1.785481639988957925e+00
-1.785481639992168024e+00
-1.785481639995650349e+00
-1.785481639999228154e+00
-1.785481640002722914e+00
-1.785481640005957660e+00
-1.785481640008769855e+00
-1.785481640011019611e+00
-1.779298248693727880e+00
-1.779298248693903295e+00
-1.779298248694014983e+00
-1.779298248694056728e+00
-1.779298248694028084e+00
-1.779298248693930384e+00
-1.779298248693769846e+00
-1.779298248693553797e+00
-1.779298248693294004e+00
-1.779298248693003792e+00
-1.779298248692697815e+00
-1.779298248692390949e+00
-1.779298248692098294e+00
-1.779298248691835171e+00
-1.779298248691614015e+00
-1.779298248691445483e+00
-1.779298248691338680e+00
-1.779298248691298490e+00
-1.779298248691326023e+00
-1.779298248691419948e+00
-1.779298248691575823e+00
-1.779298248691784989e+00
-1.779298248692037232e+00
-1.779298248692320117e+00
-1.779298248692618989e+00
-1.779298248692917861e+00
-1.779298248693203188e+00
-1.779298248693460316e+00
-1.779298248693675477e+00
-1.779298248693838902e+00
-1.779298248693942375e+00
-1.779298248693980344e+00
-1.779298248693951479e+00
-1.779298248693855777e+00
-1.779298248693700568e+00
-1.779298248693491624e+00
-1.779298248693240048e+00
-1.779298248692957829e+00
-1.779298248692659179e+00
-1.779298248692359419e+00
-1.779298248692072093e+00
-1.779298248691811635e+00
-1.779298248691590478e+00
-1.779298248691419504e+00
-1.779298248691306039e+00
-1.779298248691254969e+00
-1.779298248691267403e+00
-1.779298248691343121e+00
-1.779298248691476347e+00
-1.779298248691659312e+00
-1.779298248691881801e+00
-1.779298248692131601e+00
-1.779298248692394280e+00
-1.779298248692656736e+00
-1.779298248692903206e+00
-1.779298248693121032e+00
-1.779298248693299112e+00
-1.779298248693426121e+00
-1.779298248693493845e+00
-1.779298248693500950e+00
-1.779298248693444107e+00
-1.779298248693325979e+00
-1.779298248693153228e+00
-1.779298248692932738e+00
-1.779298248692675610e+00
-1.779298248692395612e+00
-1.779298248692106066e+00
-1.779298248691822293e+00
-1.779298248691560058e+00
-1.779298248691330686e+00
-1.779298248691147721e+00
-1.779298248691021822e+00
-1.779298248690958317e+00
-1.779298248690963868e+00
-1.779298248691038031e+00
-1.779298248691178141e+00
-1.779298248691379314e+00
-1.779298248691631779e+00
-1.779298248691925100e+00
-1.779298248692245510e+00
-1.779298248692577911e+00
-1.779298248692907203e+00
-1.779298248693217399e+00
-1.779298248693495843e+00
-1.903016383433016268e+00
-1.903016383432232450e+00
-1.903016383432200476e+00
-1.903016383432923009e+00
-1.903016383434364078e+00
-1.903016383436451076e+00
-1.903016383439080084e+00
-1.903016383442118986e+00
-1.903016383445416349e+00
-1.903016383448806526e+00
-1.903016383452119431e+00
-1.903016383455190086e+00
-1.903016383457863281e+00
-1.903016383460005789e+00
-1.903016383461511696e+00
-1.903016383462303063e+00
-1.903016383462342365e+00
-1.903016383461626715e+00
-1.903016383460193417e+00
-1.903016383458112859e+00
-1.903016383455490512e+00
-1.903016383452457605e+00
-1.903016383449166016e+00
-1.903016383445782056e+00
-1.903016383442474924e+00
-1.903016383439410930e+00
-1.903016383436742176e+00
-1.903016383434605663e+00
-1.903016383433104641e+00
-1.903016383432318159e+00
-1.903016383432283076e+00
-1.903016383433002279e+00
-1.903016383434440240e+00
-1.903016383436524128e+00
-1.903016383439149806e+00
-1.903016383442184489e+00
-1.903016383445477189e+00
-1.903016383448861815e+00
-1.903016383452168281e+00
-1.903016383455231608e+00
-1.903016383457897476e+00
-1.903016383460031546e+00
-1.903016383461526351e+00
-1.903016383462307948e+00
-1.903016383462334371e+00
-1.903016383461607841e+00
-1.903016383460160110e+00
-1.903016383458066230e+00
-1.903016383455429228e+00
-1.903016383452381222e+00
-1.903016383449074755e+00
-1.903016383445675697e+00
-1.903016383442353465e+00
-1.903016383439274373e+00
-1.903016383436592518e+00
-1.903016383434440684e+00
-1.903016383432928560e+00
-1.903016383432131642e+00
-1.903016383432086123e+00
-1.903016383432797998e+00
-1.903016383434228853e+00
-1.903016383436308523e+00
-1.903016383438930648e+00
-1.903016383441965331e+00
-1.903016383445258697e+00
-1.903016383448647098e+00
-1.903016383451960003e+00
-1.903016383455030658e+00
-1.903016383457705629e+00
-1.903016383459851024e+00
-1.903016383461360927e+00
-1.903016383462156957e+00
-1.903016383462200256e+00
-1.903016383461489491e+00
-1.903016383460060634e+00
-1.903016383457985627e+00
-1.903016383455368388e+00
-1.903016383452340587e+00
-1.903016383449054771e+00
-1.903016383445674808e+00
-1.903016383442372783e+00
-1.903016383439311454e+00
-1.903016383436647363e+00
-1.903016383434512848e+00
-1.678690678982126094e+00
-1.678690678981924256e+00
-1.678690678981814566e+00
-1.678690678981802575e+00
-1.678690678981887618e+00
-1.678690678982064588e+00
-1.678690678982324602e+00
-1.678690678982654338e+00
-1.678690678983036699e+00
-1.678690678983453033e+00
-1.678690678983881579e+00
-1.678690678984301687e+00
-1.678690678984691820e+00
-1.678690678985033324e+00
-1.678690678985308438e+00
-1.678690678985503171e+00
-1.678690678985609974e+00
-1.678690678985621298e+00
-1.678690678985538698e+00
-1.678690678985364837e+00
-1.678690678985110152e+00
-1.678690678984787743e+00
-1.678690678984412932e+00
-1.678690678984003926e+00
-1.678690678983583151e+00
-1.678690678983170370e+00
-1.678690678982787565e+00
-1.678690678982452056e+00
-1.678690678982183382e+00
-1.678690678981991535e+00
-1.678690678981889173e+00
-1.678690678981879181e+00
-1.678690678981963336e+00
-1.678690678982136308e+00
-1.678690678982390994e+00
-1.678690678982712514e+00
-1.678690678983086659e+00
-1.678690678983493889e+00
-1.678690678983914220e+00
-1.678690678984326556e+00
-1.678690678984712248e+00
-1.678690678985049312e+00
-1.678690678985323537e+00
-1.678690678985521822e+00
-1.678690678985634399e+00
-1.678690678985657270e+00
-1.678690678985588658e+00
-1.678690678985433449e+00
-1.678690678985201412e+00
-1.678690678984904761e+00
-1.678690678984558815e+00
-1.678690678984182671e+00
-1.678690678983796536e+00
-1.678690678983420836e+00
-1.678690678983075335e+00
-1.678690678982777573e+00
-1.678690678982545759e+00
-1.678690678982390772e+00
-1.678690678982321716e+00
-1.678690678982342366e+00
-1.678690678982453388e+00
-1.678690678982648787e+00
-1.678690678982919460e+00
-1.678690678983252305e+00
-1.678690678983631113e+00
-1.678690678984036122e+00
-1.678690678984448015e+00
-1.678690678984843698e+00
-1.678690678985204965e+00
-1.678690678985511386e+00
-1.678690678985748974e+00
-1.678690678985902185e+00
-1.678690678985965246e+00
-1.678690678985931717e+00
-1.678690678985804263e+00
-1.678690678985585771e+00
-1.678690678985288010e+00
-1.678690678984923190e+00
-1.678690678984509743e+00
-1.678690678984064988e+00
-1.678690678983611795e+00
-1.678690678983171702e+00
-1.678690678982765805e+00
-1.678690678982410311e+00
-5.708023663685581894e-01
-5.708023663693486682e-01
-5.708023663693925220e-01
-5.708023663686870863e-01
-5.708023663672672221e-01
-5.708023663652042057e-01
-5.708023663626013988e-01
-5.708023663595890307e-01
-5.708023663563180916e-01
-5.708023663529526726e-01
-5.708023663496613054e-01
-5.708023663466087472e-01
-5.708023663439479867e-01
-5.708023663418125837e-01
-5.708023663403090087e-01
-5.708023663395127567e-01
-5.708023663394640179e-01
-5.708023663401649017e-01
-5.708023663415796589e-01
-5.708023663436382344e-01
-5.708023663462359343e-01
-5.708023663492433064e-01
-5.708023663525091385e-01
-5.708023663558694505e-01
-5.708023663591555996e-01
-5.708023663622029398e-01
-5.708023663648583712e-01
-5.708023663669885561e-01
-5.708023663684868021e-01
-5.708023663692776140e-01
-5.708023663693213567e-01
-5.708023663686158100e-01
-5.708023663671962789e-01
-5.708023663651339286e-01
-5.708023663625322319e-01
-5.708023663595216401e-01
-5.708023663562529215e-01
-5.708023663528905001e-01
-5.708023663496025746e-01
-5.708023663465545683e-01
-5.708023663438993589e-01
-5.708023663417701732e-01
-5.708023663402741477e-01
-5.708023663394864444e-01
-5.708023663394468095e-01
-5.708023663401579073e-01
-5.708023663415838778e-01
-5.708023663436534445e-01
-5.708023663462635788e-01
-5.708023663492837185e-01
-5.708023663525622071e-01
-5.708023663559353977e-01
-5.708023663592348695e-01
-5.708023663622950883e-01
-5.708023663649628432e-01
-5.708023663671049075e-01
-5.708023663686139226e-01
-5.708023663694147265e-01
-5.708023663694672400e-01
-5.708023663687694649e-01
-5.708023663673560399e-01
-5.708023663652984636e-01
-5.708023663626998756e-01
-5.708023663596907271e-01
-5.708023663564216754e-01
-5.708023663530575886e-01
-5.708023663497661104e-01
-5.708023663467126640e-01
-5.708023663440506823e-01
-5.708023663419129479e-01
-5.708023663404073744e-01
-5.708023663396087910e-01
-5.708023663395567215e-01
-5.708023663402547188e-01
-5.708023663416668114e-01
-5.708023663437219453e-01
-5.708023663463173136e-01
-5.708023663493221322e-01
-5.708023663525858549e-01
-5.708023663559443905e-01
-5.708023663592293184e-01
-5.708023663622758814e-01
-5.708023663649304247e-01
-5.708023663670603876e-01
9.627843798126966002e-01
9.627843798124463559e-01
9.627843798123353336e-01
9.627843798123685293e-01
9.627843798125440555e-01
9.627843798128521424e-01
9.627843798132772468e-01
9.627843798137980524e-01
9.627843798143875809e-01
9.627843798150167443e-01
9.627843798156536792e-01
9.627843798162664113e-01
9.627843798168248535e-01
9.627843798173006951e-01
9.627843798176703993e-01
9.627843798179157586e-01
9.627843798180245605e-01
9.627843798179914758e-01
9.627843798178195023e-01
9.627843798175155232e-01
9.627843798170964140e-01
9.627843798165830469e-01
9.627843798160019562e-01
9.627843798153812305e-01
9.627843798147524002e-01
9.627843798141475506e-01
9.627843798135964359e-01
9.627843798131271447e-01
9.627843798127625474e-01
9.627843798125211849e-01
9.627843798124154917e-01
9.627843798124497976e-01
9.627843798126228814e-01
9.627843798129257502e-01
9.627843798133431941e-01
9.627843798138546738e-01
9.627843798144343213e-01
9.627843798150531596e-01
9.627843798156804356e-01
9.627843798162847300e-01
9.627843798168365108e-01
9.627843798173081336e-01
9.627843798176771717e-01
9.627843798179250845e-01
9.627843798180399926e-01
9.627843798180173440e-01
9.627843798178590262e-01
9.627843798175741430e-01
9.627843798171777934e-01
9.627843798166908496e-01
9.627843798161389577e-01
9.627843798155515387e-01
9.627843798149575694e-01
9.627843798143894682e-01
9.627843798138763232e-01
9.627843798134453346e-01
9.627843798131184849e-01
9.627843798129134267e-01
9.627843798128413733e-01
9.627843798129068764e-01
9.627843798131067166e-01
9.627843798134317899e-01
9.627843798138663312e-01
9.627843798143886911e-01
9.627843798149727794e-01
9.627843798155890642e-01
9.627843798162067923e-01
9.627843798167945444e-01
9.627843798173226775e-01
9.627843798177633250e-01
9.627843798180937274e-01
9.627843798182977864e-01
9.627843798183626234e-01
9.627843798182847967e-01
9.627843798180670820e-01
9.627843798177184720e-01
9.627843798172563972e-01
9.627843798167019518e-01
9.627843798160825584e-01
9.627843798154269717e-01
9.627843798147671661e-01
9.627843798141350051e-01
9.627843798135617970e-01
9.627843798130744091e-01
1.695729618011249551e+00
1.695729618012050244e+00
1.695729618012103757e+00
1.695729618011407869e+00
1.695729618009996331e+00
1.695729618007940642e+00
1.695729618005343831e+00
1.695729618002335126e+00
1.695729617999066408e+00
1.695729617995701544e+00
1.695729617992407290e+00
1.695729617989351068e+00
1.695729617986685200e+00
1.695729617984542914e+00
1.695729617983032567e+00
1.695729617982228543e+00
1.695729617982171256e+00
1.695729617982864257e+00
1.695729617984271576e+00
1.695729617986323934e+00
1.695729617988916527e+00
1.695729617991921456e+00
1.695729617995186178e+00
1.695729617998547933e+00
1.695729618001836414e+00
1.695729618004887751e+00
1.695729618007549400e+00
1.695729618009686579e+00
1.695729618011191819e+00
1.695729618011990958e+00
1.695729618012042028e+00
1.695729618011343698e+00
1.695729618009929940e+00
1.695729618007872919e+00
1.695729618005274331e+00
1.695729618002265404e+00
1.695729617998996686e+00
1.695729617995631600e+00
1.695729617992339122e+00
1.695729617989285565e+00
1.695729617986623472e+00
1.695729617984484960e+00
1.695729617982979276e+00
1.695729617982181248e+00
1.695729617982131066e+00
1.695729617982831838e+00
1.695729617984248927e+00
1.695729617986310611e+00
1.695729617988914084e+00
1.695729617991930116e+00
1.695729617995205274e+00
1.695729617998578576e+00
1.695729618001879491e+00
1.695729618004941930e+00
1.695729618007614681e+00
1.695729618009762740e+00
1.695729618011277529e+00
1.695729618012086215e+00
1.695729618012146389e+00
1.695729618011455830e+00
1.695729618010048734e+00
1.695729618007996153e+00
1.695729618005401784e+00
1.695729618002395078e+00
1.695729617999126804e+00
1.695729617995762606e+00
1.695729617992468130e+00
1.695729617989410798e+00
1.695729617986744264e+00
1.695729617984600424e+00
1.695729617983087412e+00
1.695729617982281834e+00
1.695729617982222770e+00
1.695729617982914439e+00
1.695729617984321536e+00
1.695729617986371673e+00
1.695729617988964932e+00
1.695729617991968974e+00
1.695729617995234362e+00
1.695729617998596117e+00
1.695729618001885264e+00
1.695729618004938821e+00
1.695729618007601136e+00
1.695729618009740980e+00
9.627843798206686676e-01
9.627843798209585469e-01
9.627843798210714565e-01
9.627843798210021786e-01
9.627843798207548209e-01
9.627843798203424841e-01
9.627843798197858183e-01
9.627843798191131341e-01
9.627843798183581825e-01
9.627843798175589329e-01
9.627843798167559086e-01
9.627843798159883004e-01
9.627843798152951882e-01
9.627843798147108778e-01
9.627843798142647902e-01
9.627843798139784637e-01
9.627843798138665532e-01
9.627843798139337217e-01
9.627843798141760834e-01
9.627843798145830911e-01
9.627843798151319854e-01
9.627843798157965649e-01
9.627843798165424127e-01
9.627843798173330025e-01
9.627843798181273671e-01
9.627843798188866486e-01
9.627843798195723224e-01
9.627843798201499714e-01
9.627843798205913961e-01
9.627843798208739479e-01
9.627843798209834159e-01
9.627843798209149151e-01
9.627843798206715542e-01
9.627843798202658787e-01
9.627843798197188718e-01
9.627843798190574010e-01
9.627843798183135515e-01
9.627843798175262924e-01
9.627843798167341482e-01
9.627843798159763100e-01
9.627843798152908583e-01
9.627843798147118770e-01
9.627843798142673437e-01
9.627843798139793519e-01
9.627843798138610021e-01
9.627843798139180675e-01
9.627843798141465514e-01
9.627843798145342413e-01
9.627843798150604870e-01
9.627843798156974220e-01
9.627843798164126277e-01
9.627843798171691336e-01
9.627843798179273049e-01
9.627843798186481727e-01
9.627843798192947666e-01
9.627843798198333358e-01
9.627843798202360137e-01
9.627843798204807069e-01
9.627843798205553139e-01
9.627843798204549497e-01
9.627843798201840553e-01
9.627843798197557312e-01
9.627843798191914049e-01
9.627843798185180546e-01
9.627843798177705414e-01
9.627843798169855027e-01
9.627843798162031286e-01
9.627843798154626098e-01
9.627843798148016941e-01
9.627843798142545761e-01
9.627843798138491227e-01
9.627843798136060949e-01
9.627843798135388154e-01
9.627843798136527242e-01
9.627843798139419373e-01
9.627843798143940202e-01
9.627843798149873233e-01
9.627843798156930921e-01
9.627843798164772426e-01
9.627843798173025824e-01
9.627843798181279222e-01
9.627843798189131830e-01
9.627843798196202840e-01
9.627843798202153636e-01
-5.708023663691115246e-01
-5.708023663699555161e-01
-5.708023663700217964e-01
-5.708023663693071459e-01
-5.708023663678473136e-01
-5.708023663657153524e-01
-5.708023663630187317e-01
-5.708023663598923436e-01
-5.708023663564929517e-01
-5.708023663529907532e-01
-5.708023663495617184e-01
-5.708023663463772657e-01
-5.708023663435974893e-01
-5.708023663413617221e-01
-5.708023663397817637e-01
-5.708023663389369950e-01
-5.708023663388690494e-01
-5.708023663395823677e-01
-5.708023663410402015e-01
-5.708023663431696093e-01
-5.708023663458636765e-01
-5.708023663489872890e-01
-5.708023663523833502e-01
-5.708023663558816629e-01
-5.708023663593065899e-01
-5.708023663624863797e-01
-5.708023663652613822e-01
-5.708023663674918202e-01
-5.708023663690662275e-01
-5.708023663699052230e-01
-5.708023663699669514e-01
-5.708023663692476379e-01
-5.708023663677835868e-01
-5.708023663656481839e-01
-5.708023663629478994e-01
-5.708023663598185138e-01
-5.708023663564166794e-01
-5.708023663529131486e-01
-5.708023663494834476e-01
-5.708023663462996611e-01
-5.708023663435209949e-01
-5.708023663412875592e-01
-5.708023663397109315e-01
-5.708023663388702706e-01
-5.708023663388077651e-01
-5.708023663395270786e-01
-5.708023663409921289e-01
-5.708023663431294192e-01
-5.708023663458320351e-01
-5.708023663489647515e-01
-5.708023663523705826e-01
-5.708023663558791094e-01
-5.708023663593140284e-01
-5.708023663625040323e-01
-5.708023663652892488e-01
-5.708023663675293458e-01
-5.708023663691131899e-01
-5.708023663699612893e-01
-5.708023663700312333e-01
-5.708023663693196914e-01
-5.708023663678621906e-01
-5.708023663657323388e-01
-5.708023663630368283e-01
-5.708023663599108843e-01
-5.708023663565118255e-01
-5.708023663530094050e-01
-5.708023663495797040e-01
-5.708023663463945852e-01
-5.708023663436142536e-01
-5.708023663413775983e-01
-5.708023663397971958e-01
-5.708023663389517610e-01
-5.708023663388840374e-01
-5.708023663395971337e-01
-5.708023663410557447e-01
-5.708023663431860406e-01
-5.708023663458813290e-01
-5.708023663490071620e-01
-5.708023663524056657e-01
-5.708023663559069760e-01
-5.708023663593353447e-01
-5.708023663625190203e-01
-5.708023663652977975e-01
-5.708023663675327875e-01
-1.678690678990206075e+00
-1.678690678990550689e+00
-1.678690678990667706e+00
-1.678690678990551799e+00
-1.678690678990209184e+00
-1.678690678989657847e+00
-1.678690678988924656e+00
-1.678690678988047802e+00
-1.678690678987070584e+00
-1.678690678986042739e+00
-1.678690678985015117e+00
-1.678690678984039231e+00
-1.678690678983164597e+00
-1.678690678982432738e+00
-1.678690678981882067e+00
-1.678690678981539675e+00
-1.678690678981421769e+00
-1.678690678981534790e+00
-1.678690678981871631e+00
-1.678690678982416085e+00
-1.678690678983139950e+00
-1.678690678984007034e+00
-1.678690678984974483e+00
-1.678690678985992335e+00
-1.678690678987010854e+00
-1.678690678987977636e+00
-1.678690678988844942e+00
-1.678690678989569474e+00
-1.678690678990114371e+00
-1.678690678990453433e+00
-1.678690678990568674e+00
-1.678690678990455432e+00
-1.678690678990119256e+00
-1.678690678989576801e+00
-1.678690678988855600e+00
-1.678690678987991181e+00
-1.678690678987027507e+00
-1.678690678986013429e+00
-1.678690678984998685e+00
-1.678690678984034568e+00
-1.678690678983168594e+00
-1.678690678982443174e+00
-1.678690678981894946e+00
-1.678690678981550555e+00
-1.678690678981427986e+00
-1.678690678981530349e+00
-1.678690678981852535e+00
-1.678690678982377005e+00
-1.678690678983076445e+00
-1.678690678983915996e+00
-1.678690678984851026e+00
-1.678690678985833129e+00
-1.678690678986813456e+00
-1.678690678987739826e+00
-1.678690678988565388e+00
-1.678690678989248397e+00
-1.678690678989752438e+00
-1.678690678990052199e+00
-1.678690678990130580e+00
-1.678690678989983809e+00
-1.678690678989618323e+00
-1.678690678989051666e+00
-1.678690678988312257e+00
-1.678690678987436291e+00
-1.678690678986467955e+00
-1.678690678985456541e+00
-1.678690678984451790e+00
-1.678690678983505435e+00
-1.678690678982664997e+00
-1.678690678981973550e+00
-1.678690678981466400e+00
-1.678690678981169748e+00
-1.678690678981100470e+00
-1.678690678981260564e+00
-1.678690678981646256e+00
-1.678690678982238449e+00
-1.678690678983007611e+00
-1.678690678983918882e+00
-1.678690678984924967e+00
-1.678690678985978568e+00
-1.678690678987027951e+00
-1.678690678988020935e+00
-1.678690678988908891e+00
-1.678690678989650076e+00
-1.903016383431746172e+00
-1.903016383430845115e+00
-1.903016383430764069e+00
-1.903016383431506586e+00
-1.903016383433035807e+00
-1.903016383435275571e+00
-1.903016383438111969e+00
-1.903016383441404225e+00
-1.903016383444986914e+00
-1.903016383448679960e+00
-1.903016383452298177e+00
-1.903016383455660376e+00
-1.903016383458598249e+00
-1.903016383460963690e+00
-1.903016383462639016e+00
-1.903016383463540295e+00
-1.903016383463621120e+00
-1.903016383462878602e+00
-1.903016383461350491e+00
-1.903016383459112060e+00
-1.903016383456277216e+00
-1.903016383452987181e+00
-1.903016383449406934e+00
-1.903016383445718329e+00
-1.903016383442104109e+00
-1.903016383438747239e+00
-1.903016383435814474e+00
-1.903016383433454140e+00
-1.903016383431785030e+00
-1.903016383430890635e+00
-1.903016383430815583e+00
-1.903016383431564984e+00
-1.903016383433100867e+00
-1.903016383435345515e+00
-1.903016383438187908e+00
-1.903016383441484383e+00
-1.903016383445070403e+00
-1.903016383448766335e+00
-1.903016383452386995e+00
-1.903016383455750304e+00
-1.903016383458687732e+00
-1.903016383461052730e+00
-1.903016383462726724e+00
-1.903016383463624450e+00
-1.903016383463702388e+00
-1.903016383462956318e+00
-1.903016383461421990e+00
-1.903016383459177785e+00
-1.903016383456336502e+00
-1.903016383453040028e+00
-1.903016383449453341e+00
-1.903016383445756299e+00
-1.903016383442133641e+00
-1.903016383438767001e+00
-1.903016383435827574e+00
-1.903016383433459024e+00
-1.903016383431781922e+00
-1.903016383430879532e+00
-1.903016383430797820e+00
-1.903016383431539893e+00
-1.903016383433068670e+00
-1.903016383435308656e+00
-1.903016383438144610e+00
-1.903016383441437531e+00
-1.903016383445019777e+00
-1.903016383448713489e+00
-1.903016383452330818e+00
-1.903016383455693017e+00
-1.903016383458629557e+00
-1.903016383460994110e+00
-1.903016383462668548e+00
-1.903016383463566719e+00
-1.903016383463645544e+00
-1.903016383462900585e+00
-1.903016383461368477e+00
-1.903016383459127159e+00
-1.903016383456287652e+00
-1.903016383452992732e+00
-1.903016383449407822e+00
-1.903016383445712334e+00
-1.903016383442092119e+00
-1.903016383438728365e+00
-1.903016383435789383e+00
-1.903016383433421943e+00
-1.779298248685339479e+00
-1.779298248684951345e+00
-1.779298248684828998e+00
-1.779298248684977990e+00
-1.779298248685389661e+00
-1.779298248686043582e+00
-1.779298248686906447e+00
-1.779298248687934514e+00
-1.779298248689076933e+00
-1.779298248690275530e+00
-1.779298248691471240e+00
-1.779298248692603446e+00
-1.779298248693615969e+00
-1.779298248694458628e+00
-1.779298248695089235e+00
-1.779298248695476481e+00
-1.779298248695601270e+00
-1.779298248695457829e+00
-1.779298248695053042e+00
-1.779298248694409335e+00
-1.779298248693556461e+00
-1.779298248692539719e+00
-1.779298248691408624e+00
-1.779298248690221129e+00
-1.779298248689036965e+00
-1.779298248687914308e+00
-1.779298248686910222e+00
-1.779298248686074890e+00
-1.779298248685449835e+00
-1.779298248685066364e+00
-1.779298248684944017e+00
-1.779298248685087680e+00
-1.779298248685490469e+00
-1.779298248686132622e+00
-1.779298248686980832e+00
-1.779298248687992690e+00
-1.779298248689118012e+00
-1.779298248690300177e+00
-1.779298248691479900e+00
-1.779298248692598339e+00
-1.779298248693599982e+00
-1.779298248694434648e+00
-1.779298248695061035e+00
-1.779298248695448503e+00
-1.779298248695578843e+00
-1.779298248695445617e+00
-1.779298248695057261e+00
-1.779298248694432871e+00
-1.779298248693607309e+00
-1.779298248692620765e+00
-1.779298248691525419e+00
-1.779298248690376782e+00
-1.779298248689233697e+00
-1.779298248688155226e+00
-1.779298248687196216e+00
-1.779298248686405959e+00
-1.779298248685825756e+00
-1.779298248685486028e+00
-1.779298248685403427e+00
-1.779298248685583728e+00
-1.779298248686018935e+00
-1.779298248686686845e+00
-1.779298248687555040e+00
-1.779298248688581108e+00
-1.779298248689711315e+00
-1.779298248690891260e+00
-1.779298248692060547e+00
-1.779298248693159223e+00
-1.779298248694132889e+00
-1.779298248694932028e+00
-1.779298248695514229e+00
-1.779298248695851514e+00
-1.779298248695924123e+00
-1.779298248695727835e+00
-1.779298248695270868e+00
-1.779298248694575868e+00
-1.779298248693674589e+00
-1.779298248692612106e+00
-1.779298248691440154e+00
-1.779298248690215356e+00
-1.779298248688998774e+00
-1.779298248687849915e+00
-1.779298248686825179e+00
-1.779298248685974082e+00
-1.785481640014843663e+00
-1.785481640015862181e+00
-1.785481640015966098e+00
-1.785481640015150528e+00
-1.785481640013456328e+00
-1.785481640010968762e+00
-1.785481640007812620e+00
-1.785481640004145998e+00
-1.785481640000152748e+00
-1.785481639996034264e+00
-1.785481639991996383e+00
-1.785481639988241165e+00
-1.785481639984957347e+00
-1.785481639982309687e+00
-1.785481639980429858e+00
-1.785481639979414448e+00
-1.785481639979310975e+00
-1.785481639980128321e+00
-1.785481639981822077e+00
-1.785481639984308977e+00
-1.785481639987463121e+00
-1.785481639991126857e+00
-1.785481639995116554e+00
-1.785481639999232151e+00
-1.785481640003265369e+00
-1.785481640007015702e+00
-1.785481640010293969e+00
-1.785481640012934745e+00
-1.785481640014807692e+00
-1.785481640015816662e+00
-1.785481640015911253e+00
-1.785481640015087468e+00
-1.785481640013385496e+00
-1.785481640010890603e+00
-1.785481640007727577e+00
-1.785481640004055848e+00
-1.785481640000058157e+00
-1.785481639995935232e+00
-1.785481639991893354e+00
-1.785481639988136360e+00
-1.785481639984850766e+00
-1.785481639982201774e+00
-1.785481639980322388e+00
-1.785481639979306312e+00
-1.785481639979205726e+00
-1.785481639980024182e+00
-1.785481639981721491e+00
-1.785481639984211277e+00
-1.785481639987369640e+00
-1.785481639991037817e+00
-1.785481639995031955e+00
-1.785481639999151993e+00
-1.785481640003191206e+00
-1.785481640006945758e+00
-1.785481640010229576e+00
-1.785481640012877014e+00
-1.785481640014755733e+00
-1.785481640015769811e+00
-1.785481640015870841e+00
-1.785481640015052163e+00
-1.785481640013355742e+00
-1.785481640010866622e+00
-1.785481640007709370e+00
-1.785481640004042081e+00
-1.785481640000049941e+00
-1.785481639995932346e+00
-1.785481639991895797e+00
-1.785481639988143243e+00
-1.785481639984862090e+00
-1.785481639982218871e+00
-1.785481639980344815e+00
-1.785481639979333623e+00
-1.785481639979238144e+00
-1.785481639980060597e+00
-1.785481639981762791e+00
-1.785481639984258351e+00
-1.785481639987421154e+00
-1.785481639991094882e+00
-1.785481639995094127e+00
-1.785481639999218162e+00
-1.785481640003262038e+00
-1.785481640007022142e+00
-1.785481640010309956e+00
-1.785481640012961835e+00
-1.559037130050104691e+00
-1.559037130050549447e+00
-1.559037130050680453e+00
-1.559037130050492603e+00
-1.559037130049995445e+00
-1.559037130049213848e+00
-1.559037130048187336e+00
-1.559037130046968977e+00
-1.559037130045617614e+00
-1.559037130044202968e+00
-1.559037130042794761e+00
-1.559037130041463159e+00
-1.559037130040275443e+00
-1.559037130039290009e+00
-1.559037130038556374e+00
-1.559037130038110952e+00
-1.559037130037975283e+00
-1.559037130038155805e+00
-1.559037130038643415e+00
-1.559037130039413910e+00
-1.559037130040426211e+00
-1.559037130041631913e+00
-1.559037130042969510e+00
-1.559037130044370834e+00
-1.559037130045767494e+00
-1.559037130047086883e+00
-1.559037130048265052e+00
-1.559037130049242936e+00
-1.559037130049970576e+00
-1.559037130050412889e+00
-1.559037130050546338e+00
-1.559037130050366260e+00
-1.559037130049880426e+00
-1.559037130049114372e+00
-1.559037130048106068e+00
-1.559037130046907027e+00
-1.559037130045576536e+00
-1.559037130044182540e+00
-1.559037130042792763e+00
-1.559037130041478036e+00
-1.559037130040303865e+00
-1.559037130039329311e+00
-1.559037130038600338e+00
-1.559037130038154917e+00
-1.559037130038014363e+00
-1.559037130038183783e+00
-1.559037130038654961e+00
-1.559037130039402141e+00
-1.559037130040386909e+00
-1.559037130041557973e+00
-1.559037130042856489e+00
-1.559037130044215624e+00
-1.559037130045565211e+00
-1.559037130046837305e+00
-1.559037130047964625e+00
-1.559037130048891218e+00
-1.559037130049569564e+00
-1.559037130049963027e+00
-1.559037130050051845e+00
-1.559037130049830466e+00
-1.559037130049309772e+00
-1.559037130048513520e+00
-1.559037130047483455e+00
-1.559037130046269315e+00
-1.559037130044932606e+00
-1.559037130043540387e+00
-1.559037130042163266e+00
-1.559037130040869190e+00
-1.559037130039724994e+00
-1.559037130038789076e+00
-1.559037130038108065e+00
-1.559037130037719043e+00
-1.559037130037641772e+00
-1.559037130037880248e+00
-1.559037130038426255e+00
-1.559037130039252705e+00
-1.559037130040319408e+00
-1.559037130041573960e+00
-1.559037130042956187e+00
-1.559037130044397479e+00
-1.559037130045827668e+00
-1.559037130047175923e+00
-1.559037130048375186e+00
-1.559037130049368169e+00
-5.238722094879428859e-01
-5.238722094867175327e-01
-5.238722094865793100e-01
-5.238722094875348789e-01
-5.238722094895357229e-01
-5.238722094924815886e-01
-5.238722094962243725e-01
-5.238722095005763357e-01
-5.238722095053193195e-01
-5.238722095102154030e-01
-5.238722095150188940e-01
-5.238722095194888739e-01
-5.238722095234010778e-01
-5.238722095265598844e-01
-5.238722095288063096e-01
-5.238722095300282211e-01
-5.238722095301641124e-01
-5.238722095292077663e-01
-5.238722095272072554e-01
-5.238722095242628329e-01
-5.238722095205221585e-01
-5.238722095161735259e-01
-5.238722095114346500e-01
-5.238722095065440065e-01
-5.238722095017465108e-01
-5.238722094972834142e-01
-5.238722094933784268e-01
-5.238722094902273918e-01
-5.238722094879891822e-01
-5.238722094867755974e-01
-5.238722094866481438e-01
-5.238722094876132607e-01
-5.238722094896227643e-01
-5.238722094925765127e-01
-5.238722094963261799e-01
-5.238722095006840274e-01
-5.238722095054316741e-01
-5.238722095103320875e-01
-5.238722095151385760e-01
-5.238722095196112205e-01
-5.238722095235257559e-01
-5.238722095266862278e-01
-5.238722095289336522e-01
-5.238722095301564519e-01
-5.238722095302935644e-01
-5.238722095293377734e-01
-5.238722095273377066e-01
-5.238722095243937282e-01
-5.238722095206533869e-01
-5.238722095163053094e-01
-5.238722095115672106e-01
-5.238722095066765672e-01
-5.238722095018794045e-01
-5.238722094974164190e-01
-5.238722094935112095e-01
-5.238722094903600635e-01
-5.238722094881208546e-01
-5.238722094869063817e-01
-5.238722094867770407e-01
-5.238722094877397151e-01
-5.238722094897461101e-01
-5.238722094926957507e-01
-5.238722094964403109e-01
-5.238722095007926072e-01
-5.238722095055337036e-01
-5.238722095104257903e-01
-5.238722095152235081e-01
-5.238722095196860495e-01
-5.238722095235892606e-01
-5.238722095267370760e-01
-5.238722095289717329e-01
-5.238722095301804327e-01
-5.238722095303021131e-01
-5.238722095293306680e-01
-5.238722095273143919e-01
-5.238722095243537602e-01
-5.238722095205969875e-01
-5.238722095162317016e-01
-5.238722095114766164e-01
-5.238722095065696527e-01
-5.238722095017566138e-01
-5.238722094972780852e-01
-5.238722094933585538e-01
-5.238722094901940851e-01
9.660967464178761288e-01
9.660967464184389009e-01
9.660967464185874487e-01
9.660967464183157771e-01
9.660967464176376529e-01
9.660967464165873819e-01
9.660967464152181439e-01
9.660967464135987726e-01
9.660967464118098702e-01
9.660967464099416979e-01
9.660967464080871814e-01
9.660967464063392462e-01
9.660967464047853781e-01
9.660967464035026264e-01
9.660967464025553841e-01
9.660967464019902806e-01
9.660967464018357376e-01
9.660967464020977502e-01
9.660967464027641061e-01
9.660967464038006103e-01
9.660967464051544162e-01
9.660967464067584665e-01
9.660967464085311596e-01
9.660967464103840108e-01
9.660967464122238724e-01
9.660967464139584848e-01
9.660967464155012507e-01
9.660967464167746765e-01
9.660967464177158126e-01
9.660967464182768083e-01
9.660967464184300191e-01
9.660967464181686726e-01
9.660967464175055364e-01
9.660967464164741392e-01
9.660967464151268835e-01
9.660967464135313820e-01
9.660967464117671266e-01
9.660967464099229352e-01
9.660967464080914002e-01
9.660967464063637822e-01
9.660967464048261233e-01
9.660967464035555841e-01
9.660967464026158913e-01
9.660967464020521200e-01
9.660967464018915818e-01
9.660967464021424922e-01
9.660967464027901963e-01
9.660967464038014985e-01
9.660967464051237741e-01
9.660967464066898547e-01
9.660967464084196932e-01
9.660967464102241387e-01
9.660967464120124859e-01
9.660967464136923644e-01
9.660967464151787309e-01
9.660967464163957574e-01
9.660967464172802721e-01
9.660967464177873110e-01
9.660967464178898956e-01
9.660967464175824748e-01
9.660967464168792596e-01
9.660967464158146667e-01
9.660967464144415429e-01
9.660967464128290549e-01
9.660967464110575831e-01
9.660967464092158341e-01
9.660967464073970667e-01
9.660967464056925413e-01
9.660967464041889663e-01
9.660967464029622809e-01
9.660967464020753237e-01
9.660967464015732808e-01
9.660967464014837969e-01
9.660967464018115347e-01
9.660967464025422835e-01
9.660967464036409602e-01
9.660967464050542741e-01
9.660967464067122812e-01
9.660967464085348233e-01
9.660967464104309732e-01
9.660967464123078052e-01
9.660967464140723937e-01
9.660967464156379192e-01
9.660967464169271102e-01
1.691454740181939087e+00
1.691454740180369676e+00
1.691454740180172500e+00
1.691454740181357108e+00
1.691454740183862882e+00
1.691454740187564365e+00
1.691454740192276374e+00
1.691454740197760653e+00
1.691454740203744089e+00
1.691454740209925589e+00
1.691454740215995622e+00
1.691454740221649544e+00
1.691454740226605136e+00
1.691454740230612597e+00
1.691454740233473419e+00
1.691454740235042609e+00
1.691454740235242893e+00
1.691454740234063392e+00
1.691454740231565834e+00
1.691454740227874343e+00
1.691454740223173880e+00
1.691454740217700703e+00
1.691454740211731478e+00
1.691454740205563079e+00
1.691454740199506812e+00
1.691454740193866435e+00
1.691454740188924166e+00
1.691454740184928252e+00
1.691454740182079863e+00
1.691454740180520888e+00
1.691454740180330152e+00
1.691454740181518090e+00
1.691454740184023642e+00
1.691454740187723571e+00
1.691454740192429362e+00
1.691454740197907869e+00
1.691454740203884199e+00
1.691454740210057928e+00
1.691454740216120411e+00
1.691454740221767006e+00
1.691454740226716824e+00
1.691454740230720066e+00
1.691454740233578891e+00
1.691454740235148302e+00
1.691454740235352139e+00
1.691454740234180187e+00
1.691454740231691289e+00
1.691454740228010678e+00
1.691454740223325981e+00
1.691454740217871677e+00
1.691454740211921992e+00
1.691454740205776242e+00
1.691454740199743734e+00
1.691454740194127560e+00
1.691454740189210382e+00
1.691454740185239780e+00
1.691454740182414707e+00
1.691454740180877714e+00
1.691454740180707184e+00
1.691454740181911109e+00
1.691454740184431094e+00
1.691454740188138350e+00
1.691454740192849471e+00
1.691454740198326423e+00
1.691454740204296314e+00
1.691454740210457386e+00
1.691454740216501662e+00
1.691454740222125608e+00
1.691454740227046116e+00
1.691454740231015386e+00
1.691454740233833798e+00
1.691454740235359022e+00
1.691454740235512899e+00
1.691454740234288545e+00
1.691454740231744580e+00
1.691454740228007569e+00
1.691454740223264031e+00
1.691454740217749775e+00
1.691454740211742136e+00
1.691454740205539098e+00
1.691454740199450857e+00
1.691454740193782946e+00
1.691454740188817141e+00
1.691454740184802574e+00
9.226523612751962311e-01
9.226523612739865321e-01
9.226523612737238533e-01
9.226523612744199632e-01
9.226523612760391124e-01
9.226523612784998107e-01
9.226523612816783793e-01
9.226523612854158340e-01
9.226523612895252136e-01
9.226523612938009045e-01
9.226523612980301881e-01
9.226523613020018999e-01
9.226523613055186424e-01
9.226523613084057773e-01
9.226523613105194199e-01
9.226523613117562084e-01
9.226523613120550804e-01
9.226523613114016031e-01
9.226523613098311927e-01
9.226523613074234520e-01
9.226523613042993954e-01
9.226523613006166746e-01
9.226523612965608079e-01
9.226523612923351880e-01
9.226523612881514236e-01
9.226523612842190136e-01
9.226523612807346897e-01
9.226523612778730898e-01
9.226523612757761006e-01
9.226523612745477498e-01
9.226523612742494329e-01
9.226523612748942504e-01
9.226523612764494509e-01
9.226523612788358752e-01
9.226523612819325093e-01
9.226523612855839218e-01
9.226523612896059268e-01
9.226523612937970187e-01
9.226523612979466993e-01
9.226523613018473569e-01
9.226523613053032591e-01
9.226523613081439867e-01
9.226523613102270982e-01
9.226523613114494538e-01
9.226523613117529887e-01
9.226523613111248245e-01
9.226523613095984899e-01
9.226523613072543650e-01
9.226523613042129091e-01
9.226523613006306634e-01
9.226523612966907040e-01
9.226523612925944251e-01
9.226523612885507708e-01
9.226523612847670197e-01
9.226523612814365727e-01
9.226523612787294049e-01
9.226523612767851823e-01
9.226523612757050463e-01
9.226523612755448411e-01
9.226523612763155580e-01
9.226523612779808925e-01
9.226523612804579111e-01
9.226523612836247112e-01
9.226523612873219760e-01
9.226523612913651862e-01
9.226523612955495057e-01
9.226523612996659907e-01
9.226523613035049198e-01
9.226523613068730034e-01
9.226523613095976017e-01
9.226523613115398259e-01
9.226523613125989787e-01
9.226523613127177725e-01
9.226523613118869926e-01
9.226523613101434984e-01
9.226523613075714447e-01
9.226523613042949545e-01
9.226523613004734559e-01
9.226523612962957976e-01
9.226523612919664830e-01
9.226523612876986746e-01
9.226523612837032040e-01
9.226523612801768026e-01
9.226523612772944416e-01
-6.993693885887615203e-01
-6.993693885887660722e-01
-6.993693885888609962e-01
-6.993693885890434059e-01
-6.993693885893048634e-01
-6.993693885896322682e-01
-6.993693885900086338e-01
-6.993693885904137542e-01
-6.993693885908253138e-01
-6.993693885912202202e-01
-6.993693885915758246e-01
-6.993693885918714770e-01
-6.993693885920887476e-01
-6.993693885922134257e-01
-6.993693885922354081e-01
-6.993693885921506981e-01
-6.993693885919600728e-01
-6.993693885916701936e-01
-6.993693885912930508e-01
-6.993693885908457419e-01
-6.993693885903486951e-01
-6.993693885898255580e-01
-6.993693885893019768e-01
-6.993693885888045969e-01
-6.993693885883587313e-01
-6.993693885879869176e-01
-6.993693885877102501e-01
-6.993693885875438276e-01
-6.993693885874984195e-01
-6.993693885875786886e-01
-6.993693885877833027e-01
-6.993693885881044903e-01
-6.993693885885293726e-01
-6.993693885890390760e-01
-6.993693885896099527e-01
-6.993693885902159124e-01
-6.993693885908280894e-01
-6.993693885914172848e-01
-6.993693885919547437e-01
-6.993693885924130438e-01
-6.993693885927689813e-01
-6.993693885930031273e-01
-6.993693885931019372e-01
-6.993693885930570842e-01
-6.993693885928679022e-01
-6.993693885925392761e-01
-6.993693885920828635e-01
-6.993693885915160946e-01
-6.993693885908615071e-01
-6.993693885901451912e-01
-6.993693885893965678e-01
-6.993693885886463901e-01
-6.993693885879247452e-01
-6.993693885872611649e-01
-6.993693885866821836e-01
-6.993693885862098947e-01
-6.993693885858619508e-01
-6.993693885856500092e-01
-6.993693885855799541e-01
-6.993693885856504533e-01
-6.993693885858547343e-01
-6.993693885861799187e-01
-6.993693885866080207e-01
-6.993693885871163918e-01
-6.993693885876799410e-01
-6.993693885882716899e-01
-6.993693885888641049e-01
-6.993693885894304296e-01
-6.993693885899465723e-01
-6.993693885903911056e-01
-6.993693885907478203e-01
-6.993693885910046149e-01
-6.993693885911552721e-01
-6.993693885911995700e-01
-6.993693885911426156e-01
-6.993693885909949559e-01
-6.993693885907718011e-01
-6.993693885904913587e-01
-6.993693885901758334e-01
-6.993693885898473184e-01
-6.993693885895292395e-01
-6.993693885892435791e-01
-6.993693885890100992e-01
-6.993693885888453421e-01
-1.914815280745475912e+00
-1.914815280749144533e+00
-1.914815280749787574e+00
-1.914815280747378612e+00
-1.914815280742043102e+00
-1.914815280734050162e+00
-1.914815280723799917e+00
-1.914815280711804624e+00
-1.914815280698662026e+00
-1.914815280685024934e+00
-1.914815280671570807e+00
-1.914815280658967112e+00
-1.914815280647836904e+00
-1.914815280638728190e+00
-1.914815280632090611e+00
-1.914815280628247240e+00
-1.914815280627381933e+00
-1.914815280629531324e+00
-1.914815280634579509e+00
-1.914815280642266249e+00
-1.914815280652204077e+00
-1.914815280663886510e+00
-1.914815280676727793e+00
-1.914815280690084220e+00
-1.914815280703283440e+00
-1.914815280715665535e+00
-1.914815280726614111e+00
-1.914815280735582714e+00
-1.914815280742125037e+00
-1.914815280745918669e+00
-1.914815280746779314e+00
-1.914815280744669224e+00
-1.914815280739699865e+00
-1.914815280732125924e+00
-1.914815280722331092e+00
-1.914815280710810086e+00
-1.914815280698144440e+00
-1.914815280684970533e+00
-1.914815280671947839e+00
-1.914815280659728280e+00
-1.914815280648919149e+00
-1.914815280640059125e+00
-1.914815280633583638e+00
-1.914815280629809102e+00
-1.914815280628912042e+00
-1.914815280630924654e+00
-1.914815280635730588e+00
-1.914815280643073381e+00
-1.914815280652565788e+00
-1.914815280663713759e+00
-1.914815280675939091e+00
-1.914815280688608068e+00
-1.914815280701064992e+00
-1.914815280712665713e+00
-1.914815280722808266e+00
-1.914815280730966851e+00
-1.914815280736714254e+00
-1.914815280739746717e+00
-1.914815280739897707e+00
-1.914815280737148351e+00
-1.914815280731626324e+00
-1.914815280723601632e+00
-1.914815280713473289e+00
-1.914815280701747557e+00
-1.914815280689012189e+00
-1.914815280675911335e+00
-1.914815280663108243e+00
-1.914815280651254392e+00
-1.914815280640956630e+00
-1.914815280632746086e+00
-1.914815280627050420e+00
-1.914815280624174276e+00
-1.914815280624282856e+00
-1.914815280627389482e+00
-1.914815280633361816e+00
-1.914815280641924300e+00
-1.914815280652667706e+00
-1.914815280665078667e+00
-1.914815280678555665e+00
-1.914815280692443444e+00
-1.914815280706067435e+00
-1.914815280718760837e+00
-1.914815280729905700e+00
-1.914815280738958014e+00
-2.180731905181779506e+00
-2.180731905190036457e+00
-2.180731905191536590e+00
-2.180731905186219066e+00
-2.180731905174363661e+00
-2.180731905156572115e+00
-2.180731905133737492e+00
-2.180731905107006874e+00
-2.180731905077714305e+00
-2.180731905047321284e+00
-2.180731905017341710e+00
-2.180731904989266834e+00
-2.180731904964489321e+00
-2.180731904944236632e+00
-2.180731904929507525e+00
-2.180731904921026754e+00
-2.180731904919201547e+00
-2.180731904924109177e+00
-2.180731904935489407e+00
-2.180731904952761369e+00
-2.180731904975046653e+00
-2.180731905001221715e+00
-2.180731905029967166e+00
-2.180731905059838827e+00
-2.180731905089338341e+00
-2.180731905116985558e+00
-2.180731905141398030e+00
-2.180731905161357620e+00
-2.180731905175868235e+00
-2.180731905184210451e+00
-2.180731905185973041e+00
-2.180731905181076957e+00
-2.180731905169773999e+00
-2.180731905152638817e+00
-2.180731905130535608e+00
-2.180731905104577262e+00
-2.180731905076065846e+00
-2.180731905046431329e+00
-2.180731905017153860e+00
-2.180731904989695380e+00
-2.180731904965421464e+00
-2.180731904945535149e+00
-2.180731904931012544e+00
-2.180731904922562414e+00
-2.180731904920580888e+00
-2.180731904925137243e+00
-2.180731904935971688e+00
-2.180731904952504241e+00
-2.180731904973868041e+00
-2.180731904998951975e+00
-2.180731905026457529e+00
-2.180731905054961395e+00
-2.180731905082994082e+00
-2.180731905109107860e+00
-2.180731905131952697e+00
-2.180731905150343763e+00
-2.180731905163325379e+00
-2.180731905170211871e+00
-2.180731905170632867e+00
-2.180731905164537743e+00
-2.180731905152217376e+00
-2.180731905134271731e+00
-2.180731905111595204e+00
-2.180731905085320665e+00
-2.180731905056768394e+00
-2.180731905027379014e+00
-2.180731904998639781e+00
-2.180731904972014412e+00
-2.180731904948860933e+00
-2.180731904930372167e+00
-2.180731904917507791e+00
-2.180731904910953478e+00
-2.180731904911079599e+00
-2.180731904917921682e+00
-2.180731904931186627e+00
-2.180731904950255817e+00
-2.180731904974217983e+00
-2.180731905001924709e+00
-2.180731905032029960e+00
-2.180731905063070908e+00
-2.180731905093534539e+00
-2.180731905121932268e+00
-2.180731905146879868e+00
-2.180731905167157425e+00
-1.893989583785377961e+00
-1.893989583784225772e+00
-1.893989583784400299e+00
-1.893989583785914421e+00
-1.893989583788710851e+00
-1.893989583792663467e+00
-1.893989583797586196e+00
-1.893989583803241228e+00
-1.893989583809349231e+00
-1.893989583815607114e+00
-1.893989583821700462e+00
-1.893989583827321299e+00
-1.893989583832184742e+00
-1.893989583836039881e+00
-1.893989583838688429e+00
-1.893989583839986501e+00
-1.893989583839864599e+00
-1.893989583838318946e+00
-1.893989583835418822e+00
-1.893989583831302115e+00
-1.893989583826166889e+00
-1.893989583820266054e+00
-1.893989583813887378e+00
-1.893989583807347499e+00
-1.893989583800969490e+00
-1.893989583795071097e+00
-1.893989583789944975e+00
-1.893989583785843589e+00
-1.893989583782974551e+00
-1.893989583781477526e+00
-1.893989583781427788e+00
-1.893989583782824893e+00
-1.893989583785595121e+00
-1.893989583789595699e+00
-1.893989583794621456e+00
-1.893989583800412824e+00
-1.893989583806670929e+00
-1.893989583813070254e+00
-1.893989583819277067e+00
-1.893989583824962075e+00
-1.893989583829824408e+00
-1.893989583833598056e+00
-1.893989583836068746e+00
-1.893989583837087265e+00
-1.893989583836572344e+00
-1.893989583834519319e+00
-1.893989583830997914e+00
-1.893989583826148237e+00
-1.893989583820178568e+00
-1.893989583813349142e+00
-1.893989583805966159e+00
-1.893989583798360909e+00
-1.893989583790877784e+00
-1.893989583783855402e+00
-1.893989583777611063e+00
-1.893989583772425878e+00
-1.893989583768528107e+00
-1.893989583766087170e+00
-1.893989583765202100e+00
-1.893989583765896878e+00
-1.893989583768121765e+00
-1.893989583771753971e+00
-1.893989583776605867e+00
-1.893989583782430985e+00
-1.893989583788943332e+00
-1.893989583795823162e+00
-1.893989583802739407e+00
-1.893989583809365440e+00
-1.893989583815388622e+00
-1.893989583820535394e+00
-1.893989583824578826e+00
-1.893989583827350387e+00
-1.893989583828748158e+00
-1.893989583828741274e+00
-1.893989583827372813e+00
-1.893989583824752687e+00
-1.893989583821056533e+00
-1.893989583816514832e+00
-1.893989583811399147e+00
-1.893989583806007460e+00
-1.893989583800651744e+00
-1.893989583795641085e+00
-1.893989583791262588e+00
-1.893989583787773601e+00
-1.498015122700679491e+00
-1.498015122671853883e+00
-1.498015122667466503e+00
-1.498015122687749612e+00
-1.498015122731703563e+00
-1.498015122797146992e+00
-1.498015122880824057e+00
-1.498015122978571423e+00
-1.498015123085521205e+00
-1.498015123196346554e+00
-1.498015123305530327e+00
-1.498015123407637095e+00
-1.498015123497585588e+00
-1.498015123570905383e+00
-1.498015123623957168e+00
-1.498015123654115488e+00
-1.498015123659900416e+00
-1.498015123641049495e+00
-1.498015123598531728e+00
-1.498015123534498061e+00
-1.498015123452172137e+00
-1.498015123355689537e+00
-1.498015123249890168e+00
-1.498015123140075122e+00
-1.498015123031740004e+00
-1.498015122930302034e+00
-1.498015122840826940e+00
-1.498015122767774931e+00
-1.498015122714778879e+00
-1.498015122684463574e+00
-1.498015122678311828e+00
-1.498015122696593204e+00
-1.498015122738350913e+00
-1.498015122801451549e+00
-1.498015122882689898e+00
-1.498015122977953917e+00
-1.498015123082430788e+00
-1.498015123190846953e+00
-1.498015123297736562e+00
-1.498015123397713921e+00
-1.498015123485744393e+00
-1.498015123557397743e+00
-1.498015123609070631e+00
-1.498015123638168022e+00
-1.498015123643230417e+00
-1.498015123624011569e+00
-1.498015123581487362e+00
-1.498015123517807856e+00
-1.498015123436187368e+00
-1.498015123340745047e+00
-1.498015123236296375e+00
-1.498015123128112469e+00
-1.498015123021652295e+00
-1.498015122922290221e+00
-1.498015122835044899e+00
-1.498015122764327911e+00
-1.498015122713719727e+00
-1.498015122685790734e+00
-1.498015122681972677e+00
-1.498015122702482271e+00
-1.498015122746314098e+00
-1.498015122811288125e+00
-1.498015122894159834e+00
-1.498015122990780990e+00
-1.498015123096308576e+00
-1.498015123205448385e+00
-1.498015123312719021e+00
-1.498015123412726801e+00
-1.498015123500438639e+00
-1.498015123571434293e+00
-1.498015123622124856e+00
-1.498015123649939051e+00
-1.498015123653449132e+00
-1.498015123632444157e+00
-1.498015123587941755e+00
-1.498015123522138170e+00
-1.498015123438297236e+00
-1.498015123340589394e+00
-1.498015123233882750e+00
-1.498015123123500825e+00
-1.498015123014951877e+00
-1.498015122913660235e+00
-1.498015122824689849e+00
-1.498015122752491157e+00
-8.982093328742111193e-01
-8.982093328201827820e-01
-8.982093328112930042e-01
-8.982093328479752170e-01
-8.982093329283981076e-01
-8.982093330485539928e-01
-8.982093332024607690e-01
-8.982093333824600068e-01
-8.982093335795980904e-01
-8.982093337840739711e-01
-8.982093339857269987e-01
-8.982093341745451820e-01
-8.982093343411639008e-01
-8.982093344773321997e-01
-8.982093345763252357e-01
-8.982093346332771233e-01
-8.982093346454242955e-01
-8.982093346122403954e-01
-8.982093345354604796e-01
-8.982093344189948647e-01
-8.982093342687272886e-01
-8.982093340922231439e-01
-8.982093338983483388e-01
-8.982093336968215436e-01
-8.982093334977320209e-01
-8.982093333110310329e-01
-8.982093331460331287e-01
-8.982093330109547358e-01
-8.982093329124989367e-01
-8.982093328555244005e-01
-8.982093328428030210e-01
-8.982093328748836925e-01
-8.982093329500661083e-01
-8.982093330644917994e-01
-8.982093332123359808e-01
-8.982093333861055351e-01
-8.982093335770153786e-01
-8.982093337754333273e-01
-8.982093339713630442e-01
-8.982093341549478582e-01
-8.982093343169667010e-01
-8.982093344492971809e-01
-8.982093345453250333e-01
-8.982093346002738565e-01
-8.982093346114462529e-01
-8.982093345783568328e-01
-8.982093345027587494e-01
-8.982093343885502179e-01
-8.982093342415814474e-01
-8.982093340693549921e-01
-8.982093338806516059e-01
-8.982093336850838217e-01
-8.982093334926128936e-01
-8.982093333130458657e-01
-8.982093331555411897e-01
-8.982093330281454291e-01
-8.982093329373880275e-01
-8.982093328879504623e-01
-8.982093328824286571e-01
-8.982093329212014199e-01
-8.982093330024082389e-01
-8.982093331220404320e-01
-8.982093332741424296e-01
-8.982093334511087601e-01
-8.982093336440638565e-01
-8.982093338433080332e-01
-8.982093340388038749e-01
-8.982093342206809439e-01
-8.982093343797303842e-01
-8.982093345078711044e-01
-8.982093345985542321e-01
-8.982093346470941819e-01
-8.982093346509076870e-01
-8.982093346096444719e-01
-8.982093345252101235e-01
-8.982093344016713887e-01
-8.982093342450550022e-01
-8.982093340630497025e-01
-8.982093338646250924e-01
-8.982093336595816657e-01
-8.982093334580635302e-01
-8.982093332700520349e-01
-8.982093331048671692e-01
-8.982093329707013796e-01
1.466601235084192822e-01
1.466601235606533604e-01
1.466601235696759487e-01
1.466601235350730170e-01
1.466601234585898084e-01
1.466601233440449348e-01
1.466601231971403074e-01
1.466601230251772248e-01
1.466601228366934684e-01
1.466601226410376990e-01
1.466601224479042176e-01
1.466601222668504068e-01
1.466601221068213334e-01
1.466601219757047714e-01
1.466601218799396533e-01
1.466601218241967153e-01
1.466601218111477922e-01
1.466601218413348395e-01
1.466601219131458134e-01
1.466601220228977709e-01
1.466601221650232212e-01
1.466601223323512893e-01
1.466601225164676225e-01
1.466601227081364978e-01
1.466601228977643390e-01
1.466601230758792784e-01
1.466601232336049720e-01
1.466601233631036616e-01
1.466601234579672786e-01
1.466601235135352455e-01
1.466601235271258741e-01
1.466601234981670387e-01
1.466601234282210453e-01
1.466601233209035571e-01
1.466601231816978268e-01
1.466601230176762805e-01
1.466601228371429699e-01
1.466601226492135202e-01
1.466601224633554412e-01
1.466601222889107881e-01
1.466601221346261752e-01
1.466601220082119905e-01
1.466601219159558156e-01
1.466601218624059288e-01
1.466601218501442649e-01
1.466601218796571571e-01
1.466601219493131325e-01
1.466601220554460128e-01
1.466601221925418752e-01
1.466601223535184129e-01
1.466601225300834255e-01
1.466601227131543728e-01
1.466601228933181178e-01
1.466601230613069906e-01
1.466601232084678019e-01
1.466601233272001870e-01
1.466601234113419083e-01
1.466601234564818557e-01
1.466601234601851156e-01
1.466601234221183436e-01
1.466601233440697760e-01
1.466601232298615776e-01
1.466601230851606597e-01
1.466601229171957121e-01
1.466601227343952984e-01
1.466601225459653879e-01
1.466601223614275862e-01
1.466601221901399077e-01
1.466601220408262074e-01
1.466601219211362828e-01
1.466601218372592386e-01
1.466601217936099877e-01
1.466601217926041811e-01
1.466601218345327806e-01
1.466601219175436288e-01
1.466601220377294068e-01
1.466601221893193141e-01
1.466601223649642016e-01
1.466601225561005029e-01
1.466601227533756990e-01
1.466601229471134471e-01
1.466601231277957773e-01
1.466601232865367421e-01
1.466601234155261724e-01
1.465157877030766720e+00
1.465157877057810198e+00
1.465157877062945868e+00
1.465157877045967449e+00
1.465157877007756015e+00
1.465157876950234472e+00
1.465157876876274745e+00
1.465157876789552116e+00
1.465157876694365813e+00
1.465157876595424291e+00
1.465157876497611866e+00
1.465157876405747350e+00
1.465157876324343578e+00
1.465157876257386027e+00
1.465157876208133425e+00
1.465157876178961205e+00
1.465157876171238938e+00
1.465157876185271935e+00
1.465157876220280153e+00
1.465157876274444604e+00
1.465157876344997723e+00
1.465157876428365702e+00
1.465157876520343239e+00
1.465157876616311139e+00
1.465157876711462803e+00
1.465157876801046255e+00
1.465157876880602172e+00
1.465157876946186377e+00
1.465157876994562125e+00
1.465157877023365751e+00
1.465157877031218359e+00
1.465157877017795096e+00
1.465157876983836704e+00
1.465157876931112213e+00
1.465157876862324793e+00
1.465157876780974977e+00
1.465157876691181915e+00
1.465157876597475539e+00
1.465157876504567191e+00
1.465157876417107818e+00
1.465157876339460818e+00
1.465157876275475113e+00
1.465157876228294631e+00
1.465157876200201548e+00
1.465157876192500375e+00
1.465157876205453125e+00
1.465157876238269097e+00
1.465157876289145955e+00
1.465157876355360322e+00
1.465157876433410111e+00
1.465157876519189717e+00
1.465157876608200072e+00
1.465157876695779349e+00
1.465157876777337664e+00
1.465157876848592222e+00
1.465157876905783807e+00
1.465157876945871518e+00
1.465157876966686423e+00
1.465157876967042805e+00
1.465157876946803217e+00
1.465157876906884038e+00
1.465157876849214835e+00
1.465157876776640444e+00
1.465157876692781302e+00
1.465157876601852704e+00
1.465157876508450974e+00
1.465157876417325200e+00
1.465157876333136988e+00
1.465157876260225533e+00
1.465157876202387133e+00
1.465157876162684003e+00
1.465157876143287519e+00
1.465157876145365412e+00
1.465157876169022266e+00
1.465157876213286192e+00
1.465157876276161231e+00
1.465157876354713951e+00
1.465157876445228435e+00
1.465157876543379478e+00
1.465157876644449964e+00
1.465157876743566234e+00
1.465157876835936346e+00
1.465157876917088320e+00
1.465157876983095075e+00
2.543991508709172678e+00
2.543991508714547045e+00
2.543991508716080485e+00
2.543991508713739691e+00
2.543991508707675653e+00
2.543991508698216997e+00
2.543991508685855774e+00
2.543991508671220814e+00
2.543991508655048861e+00
2.543991508638145937e+00
2.543991508621350484e+00
2.543991508605489393e+00
2.543991508591340267e+00
2.543991508579591443e+00
2.543991508570807358e+00
2.543991508565404569e+00
2.543991508563630433e+00
2.543991508565548454e+00
2.543991508571039173e+00
2.543991508579807714e+00
2.543991508591393114e+00
2.543991508605202512e+00
2.543991508620527142e+00
2.543991508636592958e+00
2.543991508652584166e+00
2.543991508667698298e+00
2.543991508681174629e+00
2.543991508692339476e+00
2.543991508700638171e+00
2.543991508705657267e+00
2.543991508707149407e+00
2.543991508705043980e+00
2.543991508699450677e+00
2.543991508690650161e+00
2.543991508679080749e+00
2.543991508665317980e+00
2.543991508650041755e+00
2.543991508634002141e+00
2.543991508617981623e+00
2.543991508602756024e+00
2.543991508589055872e+00
2.543991508577526872e+00
2.543991508568698379e+00
2.543991508562961634e+00
2.543991508560540904e+00
2.543991508561490811e+00
2.543991508565692339e+00
2.543991508572857274e+00
2.543991508582546412e+00
2.543991508594190432e+00
2.543991508607116980e+00
2.543991508620595532e+00
2.543991508633862697e+00
2.543991508646169741e+00
2.543991508656819445e+00
2.543991508665202517e+00
2.543991508670827795e+00
2.543991508673350221e+00
2.543991508672585500e+00
2.543991508668530077e+00
2.543991508661348266e+00
2.543991508651374023e+00
2.543991508639093624e+00
2.543991508625117248e+00
2.543991508610155883e+00
2.543991508594978690e+00
2.543991508580377481e+00
2.543991508567126303e+00
2.543991508555943248e+00
2.543991508547449598e+00
2.543991508542143176e+00
2.543991508540368152e+00
2.543991508542302160e+00
2.543991508547934988e+00
2.543991508557081449e+00
2.543991508569381388e+00
2.543991508584316996e+00
2.543991508601239016e+00
2.543991508619396047e+00
2.543991508637973631e+00
2.543991508656131106e+00
2.543991508673048241e+00
2.543991508687954539e+00
2.543991508700178539e+00
