-5.972300487875786129e-02
-5.972300487876297526e-02
-5.972300802623460581e-02
-5.972300802623699972e-02
-5.972300853856438163e-02
-5.972300853856270936e-02
9.437716039174483262e-02
9.437716071893742509e-02
9.437716100278829845e-02
9.437716188463300682e-02
9.437716188463256273e-02
9.437716100279466835e-02
9.437716071893792469e-02
9.437716039175117477e-02
-5.385912884677467732e-02
-5.385912842394361549e-02
-5.385912914904392168e-02
-5.385912860148639458e-02
-5.385912860148399373e-02
-5.385912914904254778e-02
-5.385912842394108280e-02
-5.385912884677345608e-02
-5.385912826275523341e-02
-5.385912891354694559e-02
-5.385912846305148521e-02
-5.385912753648564033e-02
-5.385912753648277457e-02
-5.385912846305002111e-02
-5.385912891354820153e-02
-5.385912826275744691e-02
-5.385912567860828143e-02
-5.385912543810866815e-02
-5.385912483139661949e-02
-5.385912588670423162e-02
-5.385912588669858336e-02
-5.385912483140017221e-02
-5.385912543810331132e-02
-5.385912567861286110e-02
-2.987027147647230985e-02
-2.987027105687029699e-02
-2.987027223591493322e-02
-2.987027118302373885e-02
-2.987027118302118533e-02
-2.987027223591409014e-02
-2.987027105686772266e-02
-2.987027147647143208e-02
-2.987027142080916908e-02
-2.987027200414250905e-02
-2.987027178756068366e-02
-2.987026980392376921e-02
-2.987026980391932138e-02
-2.987027178755967405e-02
-2.987027200414142658e-02
-2.987027142081007808e-02
-2.987027046404782879e-02
-2.987027011837705900e-02
-2.987026837803222895e-02
-2.987027018039967868e-02
-2.987027018039534534e-02
-2.987026837803226711e-02
-2.987027011837287485e-02
-2.987027046404991046e-02
-3.096771631131258699e-03
-3.096772168231282443e-03
-3.096772587416784291e-03
-3.096771942656556878e-03
-3.096771942655046368e-03
-3.096772587415542229e-03
-3.096772168229547286e-03
-3.096771631130580855e-03
-3.096772705844499408e-03
-3.096771843815987902e-03
-3.096772995860779063e-03
-3.096771243249234022e-03
-3.096771243245460565e-03
-3.096772995860595182e-03
-3.096771843812807720e-03
-3.096772705843138518e-03
-3.096773621935403065e-03
-3.096773671357769871e-03
-3.096771277267537387e-03
-3.096772237932312113e-03
-3.096772237930864053e-03
-3.096771277263725766e-03
-3.096773671355084519e-03
-3.096773621934339679e-03
-3.578045669823987258e-03
-3.578047425083894298e-03
-3.578046308935241629e-03
-3.578047003824221320e-03
-3.578047003823546512e-03
-3.578046308933819589e-03
-3.578047425083502250e-03
-3.578045669823465974e-03
-3.578047543003751770e-03
-3.578045070554788758e-03
-3.578047593026281725e-03
-3.578047710743860032e-03
-3.578047710740953069e-03
-3.578047593025909193e-03
-3.578045070551324949e-03
-3.578047543001277187e-03
-3.578049194059456685e-03
-3.578049935673775685e-03
-3.578048349991273715e-03
-3.578047384357672858e-03
-3.578047384358220163e-03
-3.578048349987028847e-03
-3.578049935672611252e-03
-3.578049194056423521e-03
-3.353210203627808583e-02
-3.353210382836516873e-02
-3.353210214263376010e-02
-3.353210385285950584e-02
-3.353210385285823603e-02
-3.353210214263294825e-02
-3.353210382836458586e-02
-3.353210203627776664e-02
-3.353210341462043581e-02
-3.353210123170025786e-02
-3.353210339449730348e-02
-3.353210535931718667e-02
-3.353210535931610420e-02
-3.353210339449790023e-02
-3.353210123169870355e-02
-3.353210341462021377e-02
-3.353210431499994287e-02
-3.353210529776415316e-02
-3.353210555393702080e-02
-3.353210377348115473e-02
-3.353210377348213311e-02
-3.353210555393656284e-02
-3.353210529776440990e-02
-3.353210431499825672e-02
-5.141662885651811232e-02
-5.141662901456033746e-02
-5.141662876793853115e-02
-5.141662990139587303e-02
-5.141662990139285461e-02
-5.141662876793817727e-02
-5.141662901455782558e-02
-5.141662885651753639e-02
-5.141662866825909284e-02
-5.141662903098163234e-02
-5.141662890829044180e-02
-5.141663061749870978e-02
-5.141663061749978531e-02
-5.141662890829293980e-02
-5.141662903098308951e-02
-5.141662866826248596e-02
-5.141662845255658837e-02
-5.141662876235039009e-02
-5.141663020965091258e-02
-5.141663006820413467e-02
-5.141663006820491877e-02
-5.141663020965431263e-02
-5.141662876235263829e-02
-5.141662845255764308e-02
-1.562321697838761625e-02
-1.562321523888171929e-02
-1.562321709878664554e-02
-1.562321645904013283e-02
-1.562321645903631123e-02
-1.562321709878464193e-02
-1.562321523887756983e-02
-1.562321697838502804e-02
-1.562321556383984740e-02
-1.562321836781767510e-02
-1.562321605850810341e-02
-1.562321555991498870e-02
-1.562321555991785967e-02
-1.562321605851089631e-02
-1.562321836782047495e-02
-1.562321556384396216e-02
-1.562321509950313596e-02
-1.562321436107190313e-02
-1.562321530332412556e-02
-1.562321758990483159e-02
-1.562321758990633039e-02
-1.562321530332731571e-02
-1.562321436107535350e-02
-1.562321509950428261e-02
5.642163819130719543e-02
5.642164013881723755e-02
5.642163807621500965e-02
5.642163978469637298e-02
5.642163978469903751e-02
5.642163807622039423e-02
5.642164013882082496e-02
5.642163819131304492e-02
5.642163937408627844e-02
5.642163691548601756e-02
5.642163915734537544e-02
5.642164119319923593e-02
5.642164119319734855e-02
5.642163915734706159e-02
5.642163691548512938e-02
5.642163937408769397e-02
5.642163937367801474e-02
5.642164044215015883e-02
5.642164070806228449e-02
5.642163841682108077e-02
5.642163841681994974e-02
5.642164070806497678e-02
5.642164044214857677e-02
5.642163937368147031e-02
5.653084319409410613e-02
5.653084209260152149e-02
5.653084478174452004e-02
5.653084408783892040e-02
5.653084408783839998e-02
5.653084478174689315e-02
5.653084209260117454e-02
5.653084319409644454e-02
5.653084259730268429e-02
5.653084487780160594e-02
5.653084389248622804e-02
5.653084230163207130e-02
5.653084230163147456e-02
5.653084389249034974e-02
5.653084487780164064e-02
5.653084259730668804e-02
5.653084341303671323e-02
5.653084285390988506e-02
5.653084172964888826e-02
5.653084573860327200e-02
5.653084573860329282e-02
5.653084172965110871e-02
5.653084285391089120e-02
5.653084341303942634e-02
-1.063899270863203142e-02
-1.063899343163400915e-02
-1.063899095398533091e-02
-1.063899190284041917e-02
-1.063899190283876597e-02
-1.063899095398749238e-02
-1.063899343163259882e-02
-1.063899270863506025e-02
-1.063899273979174338e-02
-1.063899141086803272e-02
-1.063899155802554286e-02
-1.063899376185473838e-02
-1.063899376185645056e-02
-1.063899155802690982e-02
-1.063899141086939969e-02
-1.063899273979433333e-02
-1.063899148225517025e-02
-1.063899201369156167e-02
-1.063899403253106002e-02
-1.063899036366265996e-02
-1.063899036366372855e-02
-1.063899403253365343e-02
-1.063899201369296332e-02
-1.063899148225720161e-02
-2.966071369804645225e-02
-2.966071328562974382e-02
-2.966071281021415498e-02
-2.966071266418522992e-02
-2.966071266418323499e-02
-2.966071281021632686e-02
-2.966071328562783216e-02
-2.966071369805007435e-02
-2.966071312114681308e-02
-2.966071364425959880e-02
-2.966071260752136535e-02
-2.966071310356741680e-02
-2.966071310356672985e-02
-2.966071260752220148e-02
-2.966071364425832552e-02
-2.966071312114937006e-02
-2.966071271284411587e-02
-2.966071259620823783e-02
-2.966071364447578004e-02
-2.966071269890766665e-02
-2.966071269890726420e-02
-2.966071364447641842e-02
-2.966071259620885539e-02
-2.966071271284445587e-02
-4.193231540832217941e-03
-4.193231241874386360e-03
-4.193231532181532738e-03
-4.193230993895453833e-03
-4.193230993895753073e-03
-4.193231532180857063e-03
-4.193231241874813102e-03
-4.193231540832592641e-03
-4.193231292062635750e-03
-4.193231694917034895e-03
-4.193231220823261107e-03
-4.193230699064350725e-03
-4.193230699058549810e-03
-4.193231220818974606e-03
-4.193231694910818513e-03
-4.193231292059191456e-03
-4.193231928376611219e-03
-4.193231705762939798e-03
-4.193231383136489937e-03
-4.193231635668791431e-03
-4.193231635664360947e-03
-4.193231383131851286e-03
-4.193231705759016721e-03
-4.193231928371855474e-03
-3.625516534474040181e-02
-3.625516750586019188e-02
-3.625516750586027515e-02
-3.625516534474334390e-02
-3.625516649021196663e-02
-3.625516473767901454e-02
-3.625516473767614878e-02
-3.625516649021659488e-02
-3.625516839510416200e-02
-3.625516700160460321e-02
-3.625516700160178601e-02
-3.625516839510389833e-02
-3.625516433995701338e-02
-3.625516537837099318e-02
-3.625516537836644126e-02
-3.625516433995807503e-02
-3.625516704635811660e-02
-3.625516764203601944e-02
-3.625516764203450676e-02
-3.625516704635636800e-02
-3.625516880347265380e-02
-3.625516714296701110e-02
-3.625516714296495024e-02
-3.625516880347283422e-02
3.517684908360258628e-02
3.517684641313796601e-02
3.517684641313859051e-02
3.517684908360274587e-02
3.517684295466912830e-02
3.517684494469826978e-02
3.517684494469761752e-02
3.517684295466842748e-02
3.517684417802725838e-02
3.517684628969193483e-02
3.517684628969212912e-02
3.517684417802467017e-02
3.517684638624198751e-02
3.517684560020966494e-02
3.517684560020650775e-02
3.517684638624584553e-02
3.517684632923672589e-02
3.517684602624312346e-02
3.517684602624237405e-02
3.517684632923596955e-02
3.517684236497302386e-02
3.517684474642839704e-02
3.517684474642701620e-02
3.517684236497305855e-02
5.757089878063135352e-02
5.757089834171959242e-02
5.757089834171660869e-02
5.757089878063537808e-02
5.757089871309344076e-02
5.757089859033934220e-02
5.757089859033804463e-02
5.757089871309524487e-02
5.757089770828783398e-02
5.757089866828908609e-02
5.757089866828390273e-02
5.757089770828631436e-02
5.757089845224597907e-02
5.757089921160407631e-02
5.757089921160205015e-02
5.757089845224676317e-02
5.757089765005642124e-02
5.757089855491229202e-02
5.757089855490818420e-02
5.757089765005279913e-02
5.757089762896194091e-02
5.757089871049968222e-02
5.757089871049950874e-02
5.757089762896205887e-02
1.254293182783075208e-02
1.254293223851441971e-02
1.254293223851139435e-02
1.254293182783311825e-02
1.254293503173655247e-02
1.254293424680353111e-02
1.254293424680321366e-02
1.254293503173678145e-02
1.254293308129270958e-02
1.254293302897948117e-02
1.254293302898097304e-02
1.254293308129720251e-02
1.254293344293218662e-02
1.254293413105126050e-02
1.254293413105910665e-02
1.254293344293504718e-02
1.254293168152272042e-02
1.254293259612383922e-02
1.254293259612552884e-02
1.254293168152497383e-02
1.254293356514975082e-02
1.254293378714373131e-02
1.254293378714977682e-02
1.254293356515505560e-02
-3.021176517866085067e-03
-3.021176738323658271e-03
-3.021177192870919646e-03
-3.021177301132352017e-03
-3.021177301131584836e-03
-3.021177192869847587e-03
-3.021176738322471286e-03
-3.021176517865232884e-03
-3.021179887526653004e-03
-3.021179387429371276e-03
-3.021177874823959691e-03
-3.021177416328018825e-03
-3.021177416327156234e-03
-3.021177874824338729e-03
-3.021179387428493505e-03
-3.021179887526562798e-03
-3.021178132059046222e-03
-3.021176935159169703e-03
-3.021178758169737726e-03
-3.021176553714163045e-03
-3.021176553711945635e-03
-3.021178758170576031e-03
-3.021176935156882903e-03
-3.021178132059963890e-03
-3.021174832807220489e-03
-3.021176591124060274e-03
-3.021177467949065238e-03
-3.021174193623890527e-03
-3.021174193620182989e-03
-3.021177467948947711e-03
-3.021176591121873221e-03
-3.021174832807533607e-03
-3.021176155166524144e-03
-3.021177243522704930e-03
-3.021175106194440470e-03
-3.021176246176197466e-03
-3.021176246175604624e-03
-3.021175106192059128e-03
-3.021177243521308477e-03
-3.021176155165291623e-03
-3.021178893262307669e-03
-3.021177047138525178e-03
-3.021176114355044948e-03
-3.021178294497736758e-03
-3.021178294494120294e-03
-3.021176114354071334e-03
-3.021177047135786484e-03
-3.021178893264003362e-03
2.364143986323783905e-02
2.364144050916528600e-02
2.364144221946919838e-02
2.364143895595584993e-02
2.364143895595251579e-02
2.364144221946759550e-02
2.364144050916304821e-02
2.364143986323549024e-02
2.364144025110132344e-02
2.364144096851012247e-02
2.364144214612290754e-02
2.364143911493381614e-02
2.364143911493103711e-02
2.364144214612254671e-02
2.364144096850745100e-02
2.364144025110102854e-02
2.364144097623312180e-02
2.364143901946145002e-02
2.364143975675846165e-02
2.364144192063746819e-02
2.364144192063421038e-02
2.364143975675676163e-02
2.364143901945707504e-02
2.364144097623251464e-02
2.364144013985433265e-02
2.364144177349213061e-02
2.364143917765973435e-02
2.364144022916918678e-02
2.364144022917039761e-02
2.364143917766420300e-02
2.364144177349380635e-02
2.364144013985965478e-02
2.364144040046732911e-02
2.364143915705712792e-02
2.364143995421796179e-02
2.364144221888430861e-02
2.364144221888113406e-02
2.364143995421720545e-02
2.364143915705456053e-02
2.364144040046569847e-02
2.364144078239605387e-02
2.364144136015199765e-02
2.364143941534996990e-02
2.364144072563414273e-02
2.364144072563560336e-02
2.364143941535324159e-02
2.364144136015442627e-02
2.364144078239982863e-02
-3.936001214364814871e-02
-3.936001032762215940e-02
-3.936001186051962808e-02
-3.936001213925776482e-02
-3.936001213925462150e-02
-3.936001186052033585e-02
-3.936001032761902302e-02
-3.936001214364873851e-02
-3.936000927968012764e-02
-3.936001145477707741e-02
-3.936001078824885591e-02
-3.936001132765028221e-02
-3.936001132765546556e-02
-3.936001078825283189e-02
-3.936001145478306568e-02
-3.936000927968519997e-02
-3.936001135653111049e-02
-3.936001190320088938e-02
-3.936001144783274341e-02
-3.936001173413374715e-02
-3.936001173413287285e-02
-3.936001144783259770e-02
-3.936001190320041754e-02
-3.936001135653018762e-02
-3.936001265278755989e-02
-3.936001309958879479e-02
-3.936001164420684095e-02
-3.936001244348005801e-02
-3.936001244347923922e-02
-3.936001164420847159e-02
-3.936001309958801764e-02
-3.936001265279085587e-02
-3.936001087225448475e-02
-3.936001079783595091e-02
-3.936001142405576997e-02
-3.936001247162744521e-02
-3.936001247163049138e-02
-3.936001142406213293e-02
-3.936001079784024609e-02
-3.936001087226033424e-02
-3.936000975639090266e-02
-3.936000955053076816e-02
-3.936001124964306347e-02
-3.936001163395536073e-02
-3.936001163395382030e-02
-3.936001124964589454e-02
-3.936000955053045591e-02
-3.936000975639129817e-02
1.823344819009031087e-02
1.823344736007508765e-02
1.823344825648020792e-02
1.823344665111617177e-02
1.823344665111552299e-02
1.823344825648159917e-02
1.823344736007505990e-02
1.823344819009060577e-02
1.823344434011760218e-02
1.823344616362930493e-02
1.823344667698227964e-02
1.823344585916811256e-02
1.823344585916818542e-02
1.823344667698079125e-02
1.823344616363040821e-02
1.823344434011802545e-02
1.823344714814878822e-02
1.823344672692833041e-02
1.823344590981452670e-02
1.823344814162777133e-02
1.823344814162871155e-02
1.823344590981358648e-02
1.823344672692875021e-02
1.823344714814788270e-02
1.823344892732671474e-02
1.823344921619347858e-02
1.823344640373027528e-02
1.823344925494767982e-02
1.823344925495172172e-02
1.823344640373191980e-02
1.823344921619751702e-02
1.823344892733015296e-02
1.823344639457186167e-02
1.823344486835944134e-02
1.823344739697420336e-02
1.823344785009335667e-02
1.823344785009022723e-02
1.823344739697822098e-02
1.823344486835791131e-02
1.823344639457455396e-02
1.823344418236080150e-02
1.823344544029753544e-02
1.823344622794320982e-02
1.823344540777916897e-02
1.823344540778110145e-02
1.823344622794770276e-02
1.823344544030026590e-02
1.823344418236317807e-02
-3.260961443589660558e-02
-3.260961396020364139e-02
-3.260961297828363081e-02
-3.260961610875239697e-02
-3.260961610875182798e-02
-3.260961297828383898e-02
-3.260961396020284342e-02
-3.260961443589771580e-02
-3.260961354881825036e-02
-3.260961316221288459e-02
-3.260961314748780232e-02
-3.260961636299152672e-02
-3.260961636299544719e-02
-3.260961314749018930e-02
-3.260961316221699935e-02
-3.260961354882099816e-02
-3.260961339711503787e-02
-3.260961586929110589e-02
-3.260961433525463166e-02
-3.260961395181462275e-02
-3.260961395181460193e-02
-3.260961433525550596e-02
-3.260961586929226469e-02
-3.260961339711487827e-02
-3.260961522690290770e-02
-3.260961341394971041e-02
-3.260961542361326404e-02
-3.260961604197412655e-02
-3.260961604197114283e-02
-3.260961542361216076e-02
-3.260961341394670587e-02
-3.260961522690180442e-02
-3.260961462294441338e-02
-3.260961602157647077e-02
-3.260961578804005140e-02
-3.260961419076937456e-02
-3.260961419077296891e-02
-3.260961578804387473e-02
-3.260961602158020389e-02
-3.260961462294789670e-02
-3.260961398256289473e-02
-3.260961388015640866e-02
-3.260961612685393807e-02
-3.260961478437172240e-02
-3.260961478436984196e-02
-3.260961612685318867e-02
-3.260961388015434781e-02
-3.260961398256025101e-02
-1.075913212518750384e-02
-1.075913093645192165e-02
-1.075913093040578583e-02
-1.075913161387321605e-02
-1.075913161387231747e-02
-1.075913093040578063e-02
-1.075913093645088255e-02
-1.075913212518704067e-02
-1.075912951322783619e-02
-1.075912998098164063e-02
-1.075912977976199725e-02
-1.075913046235869343e-02
-1.075913046235699166e-02
-1.075912977975885393e-02
-1.075912998098132491e-02
-1.075912951322517339e-02
-1.075913058327762975e-02
-1.075913206925199761e-02
-1.075913067833011820e-02
-1.075913010934130727e-02
-1.075913010934128125e-02
-1.075913067832807296e-02
-1.075913206925173567e-02
-1.075913058327578747e-02
-1.075913275848055552e-02
-1.075913155991133942e-02
-1.075913167856687273e-02
-1.075913158570708690e-02
-1.075913158570682322e-02
-1.075913167856550404e-02
-1.075913155991137411e-02
-1.075913275848074113e-02
-1.075913045685319112e-02
-1.075913082231670127e-02
-1.075913037326248385e-02
-1.075912956571570267e-02
-1.075912956571152199e-02
-1.075913037326266426e-02
-1.075913082231202446e-02
-1.075913045685521555e-02
-1.075912919637805019e-02
-1.075912905882472730e-02
-1.075913019957065904e-02
-1.075912897744751330e-02
-1.075912897744594338e-02
-1.075913019957156283e-02
-1.075912905882283124e-02
-1.075912919637914307e-02
5.016351831432073333e-02
5.016351818031523913e-02
5.016351939797058374e-02
5.016351758819603129e-02
5.016351758819274226e-02
5.016351939796891146e-02
5.016351818031256071e-02
5.016351831431851288e-02
5.016351543972776689e-02
5.016351640847565435e-02
5.016351817685370945e-02
5.016351668941260861e-02
5.016351668941051306e-02
5.016351817685196085e-02
5.016351640847489107e-02
5.016351543972757954e-02
5.016351750828689643e-02
5.016351772731819647e-02
5.016351665580084940e-02
5.016351922948107667e-02
5.016351922947877295e-02
5.016351665579800445e-02
5.016351772731524050e-02
5.016351750828452333e-02
5.016352007235172494e-02
5.016351971038274238e-02
5.016351773567473415e-02
5.016352008806058971e-02
5.016352008806096441e-02
5.016351773567742645e-02
5.016351971038425506e-02
5.016352007235642951e-02
5.016351787327433254e-02
5.016351686781480440e-02
5.016351795624562904e-02
5.016351901897854459e-02
5.016351901897367349e-02
5.016351795624832827e-02
5.016351686781065494e-02
5.016351787327651829e-02
5.016351598711037835e-02
5.016351726065365613e-02
5.016351678540437870e-02
5.016351637918370354e-02
5.016351637918398804e-02
5.016351678540816039e-02
5.016351726065430838e-02
5.016351598711331350e-02
2.841314223553411539e-02
2.841314300617980154e-02
2.841314426090817136e-02
2.841314287655892501e-02
2.841314287655632292e-02
2.841314426090602377e-02
2.841314300617821947e-02
2.841314223553240148e-02
2.841314462794988435e-02
2.841314456742495206e-02
2.841314545939320133e-02
2.841314413649469184e-02
2.841314413649654799e-02
2.841314545939684771e-02
2.841314456742605535e-02
2.841314462795283685e-02
2.841314396116229046e-02
2.841314295071931464e-02
2.841314350646495859e-02
2.841314467557318202e-02
2.841314467556963624e-02
2.841314350646611392e-02
2.841314295071566826e-02
2.841314396116397661e-02
2.841314236031822898e-02
2.841314349835458164e-02
2.841314265838183403e-02
2.841314283441720781e-02
2.841314283441512267e-02
2.841314265838623676e-02
2.841314349835256936e-02
2.841314236032236804e-02
2.841314424343506159e-02
2.841314433774654730e-02
2.841314408413549153e-02
2.841314574385704617e-02
2.841314574386039071e-02
2.841314408413579337e-02
2.841314433775003409e-02
2.841314424343443362e-02
2.841314595571821713e-02
2.841314571715845838e-02
2.841314452430679371e-02
2.841314590194599435e-02
2.841314590194625109e-02
2.841314452430811210e-02
2.841314571715949575e-02
2.841314595571988247e-02
-3.134317940741698089e-02
-3.134317788594240956e-02
-3.134317988370162456e-02
-3.134317867579545364e-02
-3.134317867579455158e-02
-3.134317988370404623e-02
-3.134317788594166015e-02
-3.134317940741895153e-02
-3.134317656495577697e-02
-3.134317827376530835e-02
-3.134317874790883834e-02
-3.134317763272569113e-02
-3.134317763272922303e-02
-3.134317874791174574e-02
-3.134317827377018639e-02
-3.134317656495910764e-02
-3.134317887693634230e-02
-3.134317946152934825e-02
-3.134317844894041194e-02
-3.134317914093530388e-02
-3.134317914093667778e-02
-3.134317844894107807e-02
-3.134317946153044460e-02
-3.134317887693752192e-02
-3.134318070841174420e-02
-3.134318061606620326e-02
-3.134317875440136014e-02
-3.134317931077887365e-02
-3.134317931077694463e-02
-3.134317875440292139e-02
-3.134318061606442690e-02
-3.134318070841532466e-02
-3.134317858776975579e-02
-3.134317829828456997e-02
-3.134317814101641314e-02
-3.134317940156811089e-02
-3.134317940156970683e-02
-3.134317814102148547e-02
-3.134317829828631857e-02
-3.134317858777650040e-02
-3.134317749891582516e-02
-3.134317741604442792e-02
-3.134317780435996736e-02
-3.134317788399385019e-02
-3.134317788399107463e-02
-3.134317780436298578e-02
-3.134317741604212421e-02
-3.134317749891832317e-02
2.763986157009165178e-03
2.763985393855796554e-03
2.763987339521838463e-03
2.763983995137305263e-03
2.763983995135960419e-03
2.763987339522865853e-03
2.763985393854925723e-03
2.763986157008669481e-03
2.763984016775836074e-03
2.763986184969779471e-03
2.763985938984922855e-03
2.763983039139020822e-03
2.763983039137296940e-03
2.763985938983421885e-03
2.763986184968946370e-03
2.763984016775634413e-03
2.763986322653187114e-03
2.763984045404534011e-03
2.763984924307000442e-03
2.763986333755715733e-03
2.763986333755501495e-03
2.763984924305979123e-03
2.763984045403149702e-03
2.763986322652759505e-03
2.763985785828323039e-03
2.763987938426007776e-03
2.763984184416503048e-03
2.763985202444939771e-03
2.763985202448936140e-03
2.763984184419182328e-03
2.763987938430527164e-03
2.763985785832865846e-03
2.763984227795603706e-03
2.763982338134447856e-03
2.763984009448410516e-03
2.763986123022921671e-03
2.763986123018757467e-03
2.763984009449574515e-03
2.763982338131703523e-03
2.763984227796362214e-03
2.763983471679847762e-03
2.763983927874762506e-03
2.763983143979109689e-03
2.763984218637766457e-03
2.763984218639360668e-03
2.763983143983633414e-03
2.763983927877599646e-03
2.763983471684184137e-03
-1.794956339108424309e-02
-1.794956166498555550e-02
-1.794956155364984055e-02
-1.794956366481821261e-02
-1.794956366481884405e-02
-1.794956155365190834e-02
-1.794956166498563530e-02
-1.794956339108647048e-02
-1.794956026056433035e-02
-1.794956106221250874e-02
-1.794956046605292871e-02
-1.794956259189259967e-02
-1.794956259189619749e-02
-1.794956046605373015e-02
-1.794956106221726883e-02
-1.794956026056589854e-02
-1.794956160299919848e-02
-1.794956391636033655e-02
-1.794956227289893833e-02
-1.794956133181663249e-02
-1.794956133181911315e-02
-1.794956227289974671e-02
-1.794956391636330292e-02
-1.794956160299888970e-02
-1.794956423596415565e-02
-1.794956264929017248e-02
-1.794956338311322341e-02
-1.794956348249467440e-02
-1.794956348249270722e-02
-1.794956338311121807e-02
-1.794956264928825387e-02
-1.794956423596325706e-02
-1.794956186960369737e-02
-1.794956267873605918e-02
-1.794956231278795403e-02
-1.794956117670805720e-02
-1.794956117670933049e-02
-1.794956231279258574e-02
-1.794956267873733594e-02
-1.794956186960963013e-02
-1.794956028111471119e-02
-1.794955998463301436e-02
-1.794956231341562902e-02
-1.794956097104763448e-02
-1.794956097104487627e-02
-1.794956231341581984e-02
-1.794955998463002023e-02
-1.794956028111366689e-02
4.217347445542465531e-03
4.217348987288597334e-03
4.217346098560632167e-03
4.217349184397492512e-03
4.217349184400737312e-03
4.217346098561536825e-03
4.217348987292270611e-03
4.217347445544048466e-03
4.217349672963262817e-03
4.217346900269054906e-03
4.217347243634375457e-03
4.217350266606886659e-03
4.217350266602940163e-03
4.217347243631532246e-03
4.217346900264992184e-03
4.217349672960141183e-03
4.217347194474523053e-03
4.217348933035599406e-03
4.217347945452105257e-03
4.217347149529383429e-03
4.217347149530525745e-03
4.217347945454872141e-03
4.217348933037378365e-03
4.217347194477075699e-03
4.217347237016861629e-03
4.217345196583241820e-03
4.217348813122335192e-03
4.217348569866411108e-03
4.217348569865825639e-03
4.217348813121072314e-03
4.217345196583110849e-03
4.217347237014114694e-03
4.217348213334973922e-03
4.217349858914151185e-03
4.217349151989130060e-03
4.217346211391278035e-03
4.217346211388761819e-03
4.217349151986347564e-03
4.217349858910697351e-03
4.217348213332167139e-03
4.217349008312510847e-03
4.217349001159120987e-03
4.217349735609570230e-03
4.217347916822654884e-03
4.217347916823088565e-03
4.217349735608061020e-03
4.217349001158366383e-03
4.217349008312199464e-03
