-2.368588743887098391e-01
-2.368588743887551640e-01
-2.662866684419218366e-01
-2.662866684419608609e-01
-3.155552488714437609e-01
-3.155552488714464254e-01
-2.368588743887553860e-01
-2.368588743887100612e-01
-2.662866684419609720e-01
-2.662866684419218366e-01
-3.155552488714462589e-01
-3.155552488714469805e-01
-3.622916664102288770e-02
2.218912798873595715e-02
-7.059943501881243977e-01
-3.369082357139990824e-01
-3.622916664105528539e-02
2.218912798873455550e-02
-7.328800610012943251e-01
-4.196457985063560825e-01
-3.910062905281588286e-01
-7.066247055125957077e-01
-7.381813876892070470e-01
4.557712653809509878e-02
-7.201188918633493197e-01
5.292469455596936212e-03
-7.173915839920536053e-01
6.038465900966643457e-02
-3.369082357139958073e-01
5.015072139816893065e-03
5.015072139786505914e-03
-7.059943501881311700e-01
5.015072139816839289e-03
-3.910062905281292411e-01
-7.066247055125949306e-01
4.557712653812561604e-02
-4.196457985063565821e-01
-7.201188918633489866e-01
-7.328800610012939920e-01
5.292469455597261473e-03
-7.381813876891826220e-01
-3.622916664102322076e-02
2.218912798873399345e-02
6.038465900966793337e-02
-7.173915839920850246e-01
-3.622916664105534784e-02
2.218912798873648104e-02
5.015072139786405300e-03
-7.066247055125950416e-01
-7.381813876892080462e-01
4.557712653809517511e-02
-3.910062905281588286e-01
-4.196457985063284379e-01
-7.328800610013228578e-01
-3.369082357139963624e-01
-7.173915839920533832e-01
6.038465900966689948e-02
-7.059943501881290606e-01
4.557712653812553971e-02
-7.381813876891821780e-01
5.292469455630202137e-03
-4.196457985063282714e-01
-7.173915839920849136e-01
-3.369082357139990269e-01
-7.066247055125940424e-01
-3.910062905281291856e-01
-7.201188918633147917e-01
-7.328800610013225247e-01
-7.059943501881237315e-01
6.038465900966906441e-02
5.292469455630148360e-03
-7.201188918633146807e-01
-2.432494034015364182e-01
-1.641299936406806492e-01
-8.201448754597571167e-01
-1.387920695121154513e-01
-2.432494034015711404e-01
-1.641299936406851734e-01
-8.185316338634479605e-01
-2.161598319212312269e-01
-1.735469004198656739e-01
-8.221612068136291418e-01
-8.282208738721572594e-01
1.588449784840803569e-02
-8.209950580736088410e-01
-2.720568360486449316e-02
-8.296711784877174312e-01
3.646738080121882802e-02
-1.387920695121100112e-01
-2.014198608479011166e-01
-2.014198608479371988e-01
-8.201448754597732149e-01
-2.014198608479011166e-01
-1.735469004198299248e-01
-8.221612068136431306e-01
1.588449784844641818e-02
-2.161598319212319208e-01
-8.209950580736081749e-01
-8.185316338634479605e-01
-2.720568360486448622e-02
-8.282208738721628105e-01
-2.432494034015371676e-01
-1.641299936406838134e-01
3.646738080121977171e-02
-8.296711784877195406e-01
-2.432494034015714734e-01
-1.641299936406806492e-01
-2.014198608479372543e-01
-8.221612068136293638e-01
-8.282208738721571484e-01
1.588449784840805651e-02
-1.735469004198656462e-01
-2.161598319211976982e-01
-8.185316338634646138e-01
-1.387920695121113712e-01
-8.296711784877172091e-01
3.646738080121927905e-02
-8.201448754597735480e-01
1.588449784844642165e-02
-8.282208738721628105e-01
-2.720568360482660680e-02
-2.161598319211978925e-01
-8.296711784877196516e-01
-1.387920695121154513e-01
-8.221612068136427975e-01
-1.735469004198300080e-01
-8.209950580735959624e-01
-8.185316338634647249e-01
-8.201448754597568946e-01
3.646738080122070846e-02
-2.720568360482659986e-02
-8.209950580735967396e-01
8.228616851601139315e-02
1.003503427642720436e-01
-1.385161979686246325e-01
-5.056137153326759615e-01
8.228616851600741022e-02
1.003503427642762624e-01
-1.933315693734823926e-01
-5.548966985071837055e-01
-5.830030813135228529e-01
-1.259264915224964643e-01
-2.245422292256132324e-01
1.229037980240427069e-01
-1.570539998987050267e-01
1.054793054064647739e-01
-1.242332291982268105e-01
1.206894014081259375e-01
-5.056137153326707434e-01
1.028430171834978785e-01
1.028430171834943396e-01
-1.385161979686207745e-01
1.028430171834978507e-01
-5.830030813135201884e-01
-1.259264915224985737e-01
1.229037980240517275e-01
-5.548966985071840385e-01
-1.570539998987046937e-01
-1.933315693734808660e-01
1.054793054064650515e-01
-2.245422292255706276e-01
8.228616851601124049e-02
1.003503427642762208e-01
1.206894014081133643e-01
-1.242332291982828907e-01
8.228616851600736859e-02
1.003503427642721685e-01
1.028430171834942702e-01
-1.259264915224956316e-01
-2.245422292256141483e-01
1.229037980240426098e-01
-5.830030813135226309e-01
-5.548966985071885905e-01
-1.933315693735303264e-01
-5.056137153326711875e-01
-1.242332291982266301e-01
1.206894014081256600e-01
-1.385161979686243272e-01
1.229037980240516997e-01
-2.245422292255703223e-01
1.054793054064699226e-01
-5.548966985071884794e-01
-1.242332291982807951e-01
-5.056137153326757394e-01
-1.259264915225013493e-01
-5.830030813135199663e-01
-1.570539998986527908e-01
-1.933315693735298268e-01
-1.385161979686263811e-01
1.206894014081132116e-01
1.054793054064700891e-01
-1.570539998986537900e-01
-2.036002401181396127e-03
3.731654291004112001e-02
-4.384001235084084569e-01
-4.287703664098261314e-01
-2.036002401202528095e-03
3.731654291003477786e-02
-4.570359182107057161e-01
-4.962441376152442740e-01
-4.888444206366852618e-01
-4.305972494761288738e-01
-5.102620845982868136e-01
1.926729174376690390e-01
-4.727000708322811051e-01
1.674818784348817424e-01
-4.250820285215061167e-01
1.915764675844641163e-01
-4.287703664098124756e-01
3.248792279063018179e-02
3.248792279061578359e-02
-4.384001235084220016e-01
3.248792279063007771e-02
-4.888444206366694411e-01
-4.305972494761384217e-01
1.926729174376889397e-01
-4.962441376152452732e-01
-4.727000708322804945e-01
-4.570359182107051055e-01
1.674818784348815204e-01
-5.102620845982612785e-01
-2.036002401181474190e-03
3.731654291003404927e-02
1.915764675844546516e-01
-4.250820285215559657e-01
-2.036002401202079235e-03
3.731654291004211921e-02
3.248792279061568644e-02
-4.305972494761285962e-01
-5.102620845982881459e-01
1.926729174376690112e-01
-4.888444206366850397e-01
-4.962441376152322281e-01
-4.570359182107572305e-01
-4.287703664098125866e-01
-4.250820285215065608e-01
1.915764675844641995e-01
-4.384001235084208914e-01
1.926729174376889397e-01
-5.102620845982615005e-01
1.674818784349054457e-01
-4.962441376152324501e-01
-4.250820285215540228e-01
-4.287703664098258538e-01
-4.305972494761396985e-01
-4.888444206366693301e-01
-4.727000708322297573e-01
-4.570359182107567309e-01
-4.384001235084069026e-01
1.915764675844559839e-01
1.674818784349056122e-01
-4.727000708322302014e-01
-1.894508968086567324e-01
-1.278022451383826752e-01
-6.166686950535340550e-01
-2.608880686272246896e-01
-1.894508968086849598e-01
-1.278022451383963587e-01
-6.201618461148771244e-01
-3.309899417818785716e-01
-2.991429622113174758e-01
-6.306379246128566152e-01
-6.559400484434303458e-01
2.167643243663566477e-01
-6.438561319103558445e-01
1.867404382203688706e-01
-6.319996298414815028e-01
2.183588224028113478e-01
-2.608880686272089799e-01
-1.509559554735559472e-01
-1.509559554735801779e-01
-6.166686950535661405e-01
-1.509559554735560860e-01
-2.991429622112944942e-01
-6.306379246128789307e-01
2.167643243663854857e-01
-3.309899417818792933e-01
-6.438561319103552893e-01
-6.201618461148767913e-01
1.867404382203689817e-01
-6.559400484434322331e-01
-1.894508968086574818e-01
-1.278022451383952485e-01
2.183588224028093216e-01
-6.319996298415074820e-01
-1.894508968086849598e-01
-1.278022451383829527e-01
-1.509559554735805387e-01
-6.306379246128553939e-01
-6.559400484434322331e-01
2.167643243663567032e-01
-2.991429622113172537e-01
-3.309899417818538137e-01
-6.201618461149190908e-01
-2.608880686272096461e-01
-6.319996298414823910e-01
2.183588224028115421e-01
-6.166686950535654743e-01
2.167643243663854857e-01
-6.559400484434325662e-01
1.867404382204018165e-01
-3.309899417818540357e-01
-6.319996298415059277e-01
-2.608880686272246896e-01
-6.306379246128787086e-01
-2.991429622112949382e-01
-6.438561319103207614e-01
-6.201618461149188688e-01
-6.166686950535341660e-01
2.183588224028115143e-01
1.867404382204017332e-01
-6.438561319103218716e-01
-3.942933167741309308e-01
-3.204626443833389904e-01
-6.209163602549185867e-01
-6.617046080132381325e-02
-3.942933167741578537e-01
-3.204626443833508143e-01
-6.112965241510177616e-01
-1.238877142774088974e-01
-8.427249797126505626e-02
-6.398763094650281591e-01
-6.180764618206739947e-01
1.908483498812217349e-01
-6.177734092172604274e-01
1.594834715861537244e-01
-6.590697505832172620e-01
1.940193711168591295e-01
-6.617046080131182284e-02
-3.673304205232890696e-01
-3.673304205233128839e-01
-6.209163602549622185e-01
-3.673304205232892361e-01
-8.427249797124146402e-02
-6.398763094650665728e-01
1.908483498812497126e-01
-1.238877142774096191e-01
-6.177734092172604274e-01
-6.112965241510160963e-01
1.594834715861536689e-01
-6.180764618207058581e-01
-3.942933167741317635e-01
-3.204626443833505922e-01
1.940193711168637647e-01
-6.590697505832124881e-01
-3.942933167741580203e-01
-3.204626443833389349e-01
-3.673304205233130504e-01
-6.398763094650287142e-01
-6.180764618206767702e-01
1.908483498812217627e-01
-8.427249797126484809e-02
-1.238877142773817802e-01
-6.112965241510424086e-01
-6.617046080131346042e-02
-6.590697505832177061e-01
1.940193711168592683e-01
-6.209163602549622185e-01
1.908483498812497403e-01
-6.180764618207055250e-01
1.594834715861852270e-01
-1.238877142773819329e-01
-6.590697505832108227e-01
-6.617046080132453489e-02
-6.398763094650665728e-01
-8.427249797124175545e-02
-6.177734092172425528e-01
-6.112965241510417425e-01
-6.209163602549182537e-01
1.940193711168658741e-01
1.594834715861851715e-01
-6.177734092172442182e-01
-5.324441808997599779e-01
-4.631831790379907776e-01
-4.660604940777069438e-01
7.941203779107446070e-02
-5.324441808997723014e-01
-4.631831790379941638e-01
-4.248804593621191561e-01
4.296269135388862404e-02
7.546186860640664851e-02
-4.476829578343067828e-01
-4.239294141829714757e-01
1.412766619316889738e-01
-4.197369456089633522e-01
1.128695238330155309e-01
-4.917858371793894512e-01
1.429213304140018181e-01
7.941203779107650074e-02
-5.306279237990427777e-01
-5.306279237990596531e-01
-4.660604940777546834e-01
-5.306279237990428888e-01
7.546186860642198346e-02
-4.476829578343582416e-01
1.412766619317086803e-01
4.296269135388860322e-02
-4.197369456089614648e-01
-4.248804593621212100e-01
1.128695238330158501e-01
-4.239294141830191043e-01
-5.324441808997604220e-01
-4.631831790379944969e-01
1.429213304140083129e-01
-4.917858371793588645e-01
-5.324441808997721903e-01
-4.631831790379900560e-01
-5.306279237990596531e-01
-4.476829578343072269e-01
-4.239294141829721974e-01
1.412766619316889738e-01
7.546186860640669014e-02
4.296269135390784477e-02
-4.248804593621273162e-01
7.941203779107727789e-02
-4.917858371793890071e-01
1.429213304140011520e-01
-4.660604940777531846e-01
1.412766619317087913e-01
-4.239294141830201590e-01
1.128695238330356537e-01
4.296269135390817784e-02
-4.917858371793570327e-01
7.941203779107491867e-02
-4.476829578343575755e-01
7.546186860642191407e-02
-4.197369456089560802e-01
-4.248804593621283154e-01
-4.660604940777063332e-01
1.429213304140088125e-01
1.128695238330355566e-01
-4.197369456089565243e-01
-3.214598528457661419e-02
-2.819473982699234951e-02
3.516870732768938579e-01
-3.788728288879301132e-01
-3.214598528454287729e-02
-2.819473982698770045e-02
3.047637813141598762e-01
-3.761198458305228809e-01
-4.636958203301342896e-01
3.827054640398908081e-01
2.585796143434772598e-01
-1.069488158307728837e-01
3.480964139965890825e-01
-1.063449267935779735e-01
4.026909836946259702e-01
-9.789174389818453004e-02
-3.788728288879250061e-01
-3.400410285405553595e-02
-3.400410285404042998e-02
3.516870732769050711e-01
-3.400410285405543187e-02
-4.636958203301598802e-01
3.827054640398832031e-01
-1.069488158307742298e-01
-3.761198458305233250e-01
3.480964139965891935e-01
3.047637813141600427e-01
-1.063449267935784037e-01
2.585796143435094563e-01
-3.214598528457617704e-02
-2.819473982698519551e-02
-9.789174389820734512e-02
4.026909836945925525e-01
-3.214598528454292586e-02
-2.819473982699324810e-02
-3.400410285404012467e-02
3.827054640398914187e-01
2.585796143434770378e-01
-1.069488158307730086e-01
-4.636958203301341785e-01
-3.761198458305529124e-01
3.047637813141276242e-01
-3.788728288879256723e-01
4.026909836946259702e-01
-9.789174389818593169e-02
3.516870732769055152e-01
-1.069488158307739523e-01
2.585796143435102334e-01
-1.063449267936067422e-01
-3.761198458305528569e-01
4.026909836945939958e-01
-3.788728288879306128e-01
3.827054640398834251e-01
-4.636958203301594916e-01
3.480964139966207793e-01
3.047637813141281793e-01
3.516870732768933028e-01
-9.789174389820885780e-02
-1.063449267936066450e-01
3.480964139966191695e-01
9.929551865651811693e-02
9.958303579879485001e-02
1.202128048089348561e-01
-4.384830885995592564e-01
9.929551865653200859e-02
9.958303579879114464e-02
1.310425580032474890e-01
-4.604178025100427729e-01
-5.112497711151459123e-01
1.846571968546838194e-01
1.324478445930541912e-02
4.921395418188612841e-02
8.592558911151129686e-02
4.692404970034258493e-02
2.176985678608772123e-01
4.790357732319482087e-02
-4.384830885995453786e-01
1.068248426924533201e-01
1.068248426924673644e-01
1.202128048089402684e-01
1.068248426924534034e-01
-5.112497711151592350e-01
1.846571968546763254e-01
4.921395418189734861e-02
-4.604178025100439386e-01
8.592558911151228218e-02
1.310425580032484050e-01
4.692404970034251555e-02
1.324478445933965388e-02
9.929551865651860265e-02
9.958303579879215772e-02
4.790357732316685713e-02
2.176985678608294728e-01
9.929551865653155063e-02
9.958303579879493328e-02
1.068248426924673089e-01
1.846571968546853737e-01
1.324478445930557177e-02
4.921395418188597576e-02
-5.112497711151452462e-01
-4.604178025100616467e-01
1.310425580032006376e-01
-4.384830885995460448e-01
2.176985678608771291e-01
4.790357732319391187e-02
1.202128048089395329e-01
4.921395418189754289e-02
1.324478445934046747e-02
4.692404970033324518e-02
-4.604178025100620353e-01
2.176985678608307495e-01
-4.384830885995598115e-01
1.846571968546754372e-01
-5.112497711151593460e-01
8.592558911155410983e-02
1.310425580032009707e-01
1.202128048089336626e-01
4.790357732316583711e-02
4.692404970033397377e-02
8.592558911155293022e-02
8.427291284469867749e-02
9.464085976822776691e-02
-1.310189876984125257e-01
-4.106582257874060171e-01
8.427291284469171084e-02
9.464085976821470791e-02
-9.767431751900443326e-02
-4.507217571334273254e-01
-4.620209549878775412e-01
-8.322494616509465426e-02
-2.323487329530587453e-01
2.285222182199722896e-01
-1.880611305297434088e-01
2.234836887364541891e-01
-4.774707373097899360e-02
2.181029476488655638e-01
-4.106582257873841457e-01
1.065621121121272108e-01
1.065621121121316378e-01
-1.310189876984237667e-01
1.065621121121276271e-01
-4.620209549878772637e-01
-8.322494616510769938e-02
2.285222182199901086e-01
-4.507217571334283246e-01
-1.880611305297424929e-01
-9.767431751900376713e-02
2.234836887364538283e-01
-2.323487329530371792e-01
8.427291284469912158e-02
9.464085976821480506e-02
2.181029476488415830e-01
-4.774707373103231206e-02
8.427291284469119736e-02
9.464085976822789181e-02
1.065621121121318599e-01
-8.322494616509502896e-02
-2.323487329530589118e-01
2.285222182199723173e-01
-4.620209549878768751e-01
-4.507217571334291017e-01
-9.767431751905830684e-02
-4.106582257873841457e-01
-4.774707373097899360e-02
2.181029476488651475e-01
-1.310189876984251267e-01
2.285222182199899976e-01
-2.323487329530357914e-01
2.234836887364642921e-01
-4.507217571334292128e-01
-4.774707373103136143e-02
-4.106582257874057396e-01
-8.322494616510936472e-02
-4.620209549878778743e-01
-1.880611305296966962e-01
-9.767431751905812642e-02
-1.310189876984126367e-01
2.181029476488410279e-01
2.234836887364643754e-01
-1.880611305296970015e-01
-5.859307049729253758e-02
-2.963330380249702342e-02
-3.129943201131467068e-01
-2.898785519246294684e-01
-5.859307049731215383e-02
-2.963330380251917237e-02
-2.929298500918818826e-01
-3.357781791298570240e-01
-3.172092030467448809e-01
-3.182933486700290082e-01
-3.852669866145646549e-01
3.441039517297997397e-01
-3.730549815965250593e-01
3.360666004076731106e-01
-2.939808974463815061e-01
3.292992419045098207e-01
-2.898785519246037112e-01
-2.654494688595908716e-02
-2.654494688596573115e-02
-3.129943201131787367e-01
-2.654494688595932309e-02
-3.172092030467362767e-01
-3.182933486700544323e-01
3.441039517298206674e-01
-3.357781791298572460e-01
-3.730549815965253924e-01
-2.929298500918819381e-01
3.360666004076721114e-01
-3.852669866145650990e-01
-5.859307049729279432e-02
-2.963330380251835011e-02
3.292992419044989405e-01
-2.939808974464222513e-01
-5.859307049731272282e-02
-2.963330380249749874e-02
-2.654494688596588381e-02
-3.182933486700295078e-01
-3.852669866145643218e-01
3.441039517297997397e-01
-3.172092030467446033e-01
-3.357781791298435348e-01
-2.929298500919373383e-01
-2.898785519246034337e-01
-2.939808974463818392e-01
3.292992419045101538e-01
-3.129943201131785147e-01
3.441039517298206674e-01
-3.852669866145647659e-01
3.360666004076951485e-01
-3.357781791298434793e-01
-2.939808974464219737e-01
-2.898785519246289133e-01
-3.182933486700545433e-01
-3.172092030467369983e-01
-3.730549815964834814e-01
-2.929298500919372272e-01
-3.129943201131464847e-01
3.292992419044989405e-01
3.360666004076955926e-01
-3.730549815964843141e-01
-2.580470763647943477e-01
-2.123123329001062043e-01
-3.653140237741487328e-01
-1.197773160432803879e-01
-2.580470763648158306e-01
-2.123123329001300186e-01
-3.715872483586991071e-01
-1.594538884273528911e-01
-1.271519420772938003e-01
-4.226093804030441881e-01
-3.911674275117862920e-01
3.570763422183051428e-01
-4.041310122599859334e-01
3.464227410580203448e-01
-4.219635451422510397e-01
3.428705663469440168e-01
-1.197773160432563377e-01
-2.304094920124067636e-01
-2.304094920124188095e-01
-3.653140237741992480e-01
-2.304094920124070134e-01
-1.271519420772831699e-01
-4.226093804030811030e-01
3.570763422183272917e-01
-1.594538884273527801e-01
-4.041310122599868215e-01
-3.715872483586989405e-01
3.464227410580204558e-01
-3.911674275118134925e-01
-2.580470763647945698e-01
-2.123123329001297410e-01
3.428705663469486242e-01
-4.219635451422666383e-01
-2.580470763648157195e-01
-2.123123329001060655e-01
-2.304094920124194479e-01
-4.226093804030434109e-01
-3.911674275117872912e-01
3.570763422183050873e-01
-1.271519420772935227e-01
-1.594538884273337120e-01
-3.715872483587421282e-01
-1.197773160432575312e-01
-4.219635451422508732e-01
3.428705663469442944e-01
-3.653140237741985263e-01
3.570763422183274027e-01
-3.911674275118129929e-01
3.464227410580458244e-01
-1.594538884273336288e-01
-4.219635451422663608e-01
-1.197773160432811929e-01
-4.226093804030803813e-01
-1.271519420772835030e-01
-4.041310122599546251e-01
-3.715872483587423503e-01
-3.653140237741482332e-01
3.428705663469487908e-01
3.464227410580457134e-01
-4.041310122599545696e-01
-4.296433832870101832e-01
-3.779322335850338610e-01
-2.850643103116796140e-01
2.896534906845135704e-02
-4.296433832870223957e-01
-3.779322335850537340e-01
-3.014165240877836327e-01
2.250472194271004988e-03
3.309909560853313559e-02
-3.561665805154843878e-01
-2.603082441619598564e-01
2.794567922578270469e-01
-2.846487566362616017e-01
2.675042623893944538e-01
-3.862936521493265385e-01
2.691905409547582506e-01
2.896534906846796875e-02
-4.228362536530555493e-01
-4.228362536530651528e-01
-2.850643103117355137e-01
-4.228362536530559934e-01
3.309909560853802751e-02
-3.561665805155311282e-01
2.794567922578465313e-01
2.250472194270805061e-03
-2.846487566362617683e-01
-3.014165240877847984e-01
2.675042623893950644e-01
-2.603082441620065413e-01
-4.296433832870111269e-01
-3.779322335850540671e-01
2.691905409547742378e-01
-3.862936521493147146e-01
-4.296433832870226732e-01
-3.779322335850331949e-01
-4.228362536530658189e-01
-3.561665805154844988e-01
-2.603082441619615772e-01
2.794567922578269359e-01
3.309909560853366989e-02
2.250472194285359391e-03
-3.014165240878088348e-01
2.896534906846710833e-02
-3.862936521493258724e-01
2.691905409547581951e-01
-2.850643103117355692e-01
2.794567922578466423e-01
-2.603082441620065413e-01
2.675042623894129390e-01
2.250472194284754840e-03
-3.862936521493143260e-01
2.896534906845094071e-02
-3.561665805155307951e-01
3.309909560853752791e-02
-2.846487566362412291e-01
-3.014165240878091123e-01
-2.850643103116795030e-01
2.691905409547743488e-01
2.675042623894117733e-01
-2.846487566362392307e-01
-5.149510024423367138e-01
-4.717490060374455174e-01
-1.111088422529704772e-01
9.769095454477394469e-02
-5.149510024423331611e-01
-4.717490060374594507e-01
-1.055536053246330791e-01
8.412015453319882097e-02
1.042863954483401329e-01
-1.442989013093646522e-01
-4.460754539910415095e-02
1.554045427205105467e-01
-6.683490808092996949e-02
1.447307280489769643e-01
-2.052064465240654723e-01
1.504197266901593499e-01
9.769095454477871865e-02
-5.406287580998722087e-01
-5.406287580998722087e-01
-1.111088422530266545e-01
-5.406287580998729858e-01
1.042863954483372740e-01
-1.442989013094180539e-01
1.554045427205233143e-01
8.412015453319870995e-02
-6.683490808093178748e-02
-1.055536053246358685e-01
1.447307280489777137e-01
-4.460754539915802452e-02
-5.149510024423372689e-01
-4.717490060374592842e-01
1.504197266901798336e-01
-2.052064465240336089e-01
-5.149510024423329391e-01
-4.717490060374453509e-01
-5.406287580998724307e-01
-1.442989013093655681e-01
-4.460754539910687100e-02
1.554045427205106022e-01
1.042863954483400496e-01
8.412015453319975078e-02
-1.055536053246411421e-01
9.769095454477876028e-02
-2.052064465240643898e-01
1.504197266901588781e-01
-1.111088422530255304e-01
1.554045427205233143e-01
-4.460754539915731676e-02
1.447307280489809889e-01
8.412015453319905689e-02
-2.052064465240331093e-01
9.769095454477420837e-02
-1.442989013094173878e-01
1.042863954483372324e-01
-6.683490808091793745e-02
-1.055536053246426409e-01
-1.111088422529701719e-01
1.504197266901793617e-01
1.447307280489807113e-01
-6.683490808091444024e-02
-4.942789407177808902e-01
-4.713649935825932613e-01
9.006988706841223546e-02
5.462362629037095102e-02
-4.942789407177613503e-01
-4.713649935825983128e-01
1.484176778666335406e-01
4.811916599462708055e-02
5.581640136312941702e-02
1.379879679643085111e-01
1.798847500080744954e-01
3.416530553179901453e-02
1.691693154460119641e-01
2.782984469856358140e-02
5.278690429447620291e-02
3.483481136931701472e-02
5.462362629036183331e-02
-5.550396304023522687e-01
-5.550396304023381688e-01
9.006988706836532854e-02
-5.550396304023526017e-01
5.581640136312226996e-02
1.379879679642595780e-01
3.416530553179902147e-02
4.811916599462729566e-02
1.691693154460104376e-01
1.484176778666337071e-01
2.782984469856338711e-02
1.798847500080282269e-01
-4.942789407177813898e-01
-4.713649935825978687e-01
3.483481136933490319e-02
5.278690429451725341e-02
-4.942789407177612948e-01
-4.713649935825935944e-01
-5.550396304023380578e-01
1.379879679643080947e-01
1.798847500080733020e-01
3.416530553179864677e-02
5.581640136312922967e-02
4.811916599461196070e-02
1.484176778666378427e-01
5.462362629036033451e-02
5.278690429447643190e-02
3.483481136931618899e-02
9.006988706836552283e-02
3.416530553179930596e-02
1.798847500080275053e-01
2.782984469854864196e-02
4.811916599461163457e-02
5.278690429451705218e-02
5.462362629037050693e-02
1.379879679642614099e-01
5.581640136312241568e-02
1.691693154460224835e-01
1.484176778666373431e-01
9.006988706841230485e-02
3.483481136933352929e-02
2.782984469854899584e-02
1.691693154460231496e-01
-2.746829315656181825e-01
-2.526396915578761893e-01
4.942741418623153860e-01
-9.046529711561270004e-02
-2.746829315655655024e-01
-2.526396915578842939e-01
4.722438897348786857e-01
-3.966649871202455879e-02
-1.619102464076823955e-01
5.216630679614217003e-01
4.464099202594806193e-01
-4.880396900574183738e-01
5.018794145956179120e-01
-4.921539565367611946e-01
5.440160712841138890e-01
-4.549529333276509657e-01
-9.046529711560935549e-02
-2.806941291008877015e-01
-2.806941291008595019e-01
4.942741418623223804e-01
-2.806941291008869799e-01
-1.619102464077132597e-01
5.216630679614202570e-01
-4.880396900574249242e-01
-3.966649871202476002e-02
5.018794145956179120e-01
4.722438897348787967e-01
-4.921539565367606950e-01
4.464099202594864479e-01
-2.746829315656190151e-01
-2.526396915578827396e-01
-4.549529333276648990e-01
5.440160712841259905e-01
-2.746829315655656689e-01
-2.526396915578784652e-01
-2.806941291008590023e-01
5.216630679614212562e-01
4.464099202594802307e-01
-4.880396900574180963e-01
-1.619102464076823400e-01
-3.966649871205683159e-02
4.722438897348806841e-01
-9.046529711560884202e-02
5.440160712841135560e-01
-4.549529333276525755e-01
4.942741418623232685e-01
-4.880396900574250907e-01
4.464099202594865035e-01
-4.921539565368074354e-01
-3.966649871205676220e-02
5.440160712841264345e-01
-9.046529711561383802e-02
5.216630679614211452e-01
-1.619102464077130932e-01
5.018794145956081421e-01
4.722438897348806841e-01
4.942741418623157190e-01
-4.549529333276643994e-01
-4.921539565368072133e-01
5.018794145956080310e-01
-6.851747811820787506e-04
-4.957595850404498093e-03
4.314071674885467389e-01
-2.129509445859011363e-01
-6.851747811358795950e-04
-4.957595850413544676e-03
4.673666028243163573e-01
-1.880745855345041240e-01
-2.840559972450403259e-01
5.222158241589883731e-01
3.532171122073811675e-01
-3.429517004702629102e-01
4.195585453047925295e-01
-3.410602155212013598e-01
5.635805772395660052e-01
-3.222795634844145551e-01
-2.129509445858895345e-01
-1.529374964894655506e-02
-1.529374964891628934e-02
4.314071674885614494e-01
-1.529374964894620118e-02
-2.840559972450713011e-01
5.222158241589853755e-01
-3.429517004702493099e-01
-1.880745855345046513e-01
4.195585453047934177e-01
4.673666028243160242e-01
-3.410602155212020259e-01
3.532171122074042602e-01
-6.851747811818866300e-04
-4.957595850410108189e-03
-3.222795634844474733e-01
5.635805772395554580e-01
-6.851747811353353255e-04
-4.957595850405334230e-03
-1.529374964891576545e-02
5.222158241589884842e-01
3.532171122073807790e-01
-3.429517004702628546e-01
-2.840559972450400483e-01
-1.880745855345372919e-01
4.673666028243022019e-01
-2.129509445858875638e-01
5.635805772395661162e-01
-3.222795634844158874e-01
4.314071674885615604e-01
-3.429517004702493654e-01
3.532171122074043712e-01
-3.410602155212327236e-01
-1.880745855345373196e-01
5.635805772395561242e-01
-2.129509445859002204e-01
5.222158241589847094e-01
-2.840559972450710791e-01
4.195585453048041313e-01
4.673666028243021464e-01
4.314071674885468499e-01
-3.222795634844470847e-01
-3.410602155212321129e-01
4.195585453048022440e-01
1.787292363630222369e-01
1.580186332183400599e-01
2.805774591582811950e-01
-2.855891349396568746e-01
1.787292363630485492e-01
1.580186332183278197e-01
3.832799992148566703e-01
-2.832471054891070872e-01
-3.400720084604778592e-01
4.170194011221421970e-01
1.799627318281002974e-01
-1.101368633722324686e-01
2.386312781811146533e-01
-1.024103396614320649e-01
4.755650028692965381e-01
-1.061010140016429154e-01
-2.855891349396371126e-01
1.681188530671421377e-01
1.681188530671677561e-01
2.805774591582926858e-01
1.681188530671421655e-01
-3.400720084605032278e-01
4.170194011221358132e-01
-1.101368633722071833e-01
-2.832471054891082529e-01
2.386312781811159023e-01
3.832799992148570034e-01
-1.024103396614314404e-01
1.799627318281270816e-01
1.787292363630227643e-01
1.580186332183292075e-01
-1.061010140016866582e-01
4.755650028692674502e-01
1.787292363630489933e-01
1.580186332183400877e-01
1.681188530671681447e-01
4.170194011221421970e-01
1.799627318280999644e-01
-1.101368633722326906e-01
-3.400720084604774707e-01
-2.832471054891332329e-01
3.832799992148256396e-01
-2.855891349396368351e-01
4.755650028692974818e-01
-1.061010140016436648e-01
2.805774591582935740e-01
-1.101368633722068641e-01
1.799627318281273314e-01
-1.024103396614465672e-01
-2.832471054891338436e-01
4.755650028692681164e-01
-2.855891349396564860e-01
4.170194011221369235e-01
-3.400720084605035054e-01
2.386312781811389949e-01
3.832799992148257506e-01
2.805774591582813060e-01
-1.061010140016865333e-01
-1.024103396614464423e-01
2.386312781811379402e-01
2.163036020918809865e-01
1.937796688206888662e-01
1.085154711465378674e-01
-2.965203698153165424e-01
2.163036020918865654e-01
1.937796688206710749e-01
2.318525801120769891e-01
-3.085753222890297298e-01
-3.261141765344579002e-01
2.294668516608149023e-01
6.832293814364457296e-04
1.585892971695777032e-01
3.820986806374727235e-02
1.710495585719480904e-01
2.943440133967483718e-01
1.456496964614631684e-01
-2.965203698152912293e-01
2.203824740356563894e-01
2.203824740356743750e-01
1.085154711465364796e-01
2.203824740356562784e-01
-3.261141765344731103e-01
2.294668516608054099e-01
1.585892971696045151e-01
-3.085753222890307290e-01
3.820986806374816053e-02
2.318525801120776275e-01
1.710495585719483680e-01
6.832293814532986766e-04
2.163036020918814029e-01
1.937796688206707696e-01
1.456496964614241163e-01
2.943440133967065719e-01
2.163036020918862323e-01
1.937796688206888662e-01
2.203824740356741529e-01
2.294668516608151521e-01
6.832293814357587791e-04
1.585892971695776477e-01
-3.261141765344575116e-01
-3.085753222890413316e-01
2.318525801120321361e-01
-2.965203698152920619e-01
2.943440133967492600e-01
1.456496964614630019e-01
1.085154711465357996e-01
1.585892971696045428e-01
6.832293814543755062e-04
1.710495585719480904e-01
-3.085753222890423864e-01
2.943440133967067385e-01
-2.965203698153173195e-01
2.294668516608054931e-01
-3.261141765344742205e-01
3.820986806377989209e-02
2.318525801120324414e-01
1.085154711465372568e-01
1.456496964614241718e-01
1.710495585719480349e-01
3.820986806377952433e-02
1.269806106688399217e-01
1.153970827353233697e-01
-2.568418712181718203e-02
-2.313436007055227062e-01
1.269806106688297909e-01
1.153970827352980705e-01
6.169583735625219778e-02
-2.473640518333589111e-01
-2.357281990767779722e-01
2.101709227510645261e-02
-1.186883900120235813e-01
3.682481208530558048e-01
-1.106068571373157033e-01
3.828369295501636849e-01
7.763835779600533615e-02
3.432434637698779101e-01
-2.313436007054918975e-01
1.472373186482898444e-01
1.472373186482968110e-01
-2.568418712183780095e-02
1.472373186482892615e-01
-2.357281990767833013e-01
2.101709227509179420e-02
3.682481208530757333e-01
-2.473640518333586613e-01
-1.106068571373157589e-01
6.169583735625228799e-02
3.828369295501619085e-01
-1.186883900120228180e-01
1.269806106688403657e-01
1.153970827352985146e-01
3.432434637698529856e-01
7.763835779596209297e-02
1.269806106688289304e-01
1.153970827353229256e-01
1.472373186482962559e-01
2.101709227510695568e-02
-1.186883900120230401e-01
3.682481208530558603e-01
-2.357281990767778335e-01
-2.473640518333557192e-01
6.169583735620170345e-02
-2.313436007054916477e-01
7.763835779600682108e-02
3.432434637698780211e-01
-2.568418712183917138e-02
3.682481208530757888e-01
-1.186883900120220409e-01
3.828369295501745651e-01
-2.473640518333558580e-01
7.763835779596209297e-02
-2.313436007055222621e-01
2.101709227508951824e-02
-2.357281990767842172e-01
-1.106068571372822440e-01
6.169583735620173814e-02
-2.568418712181794877e-02
3.432434637698530966e-01
3.828369295501750647e-01
-1.106068571372827991e-01
-2.909430656623052461e-02
-2.476091105956384000e-02
-8.183899306161718235e-02
-1.131167305791508371e-01
-2.909430656624738265e-02
-2.476091105959329561e-02
-6.054832663828451506e-02
-1.246127315800859420e-01
-9.876796429382361797e-02
-1.292291613339832113e-01
-1.410687791943305847e-01
4.593360350866617092e-01
-1.615626959101472693e-01
4.734285387492750408e-01
-9.307201981570889515e-02
4.298055272153357698e-01
-1.131167305791189320e-01
-1.354890972341495602e-03
-1.354890972340775041e-03
-8.183899306165443033e-02
-1.354890972341872904e-03
-9.876796429382414533e-02
-1.292291613340080525e-01
4.593360350866750319e-01
-1.246127315800861779e-01
-1.615626959101468807e-01
-6.054832663828434852e-02
4.734285387492742636e-01
-1.410687791943500136e-01
-2.909430656623111441e-02
-2.476091105959241090e-02
4.298055272153302186e-01
-9.307201981574106386e-02
-2.909430656624901329e-02
-2.476091105956436736e-02
-1.354890972340821445e-03
-1.292291613339834611e-01
-1.410687791943298075e-01
4.593360350866615982e-01
-9.876796429382279918e-02
-1.246127315800735075e-01
-6.054832663833054768e-02
-1.131167305791187794e-01
-9.307201981570815963e-02
4.298055272153359918e-01
-8.183899306165486054e-02
4.593360350866751984e-01
-1.410687791943490144e-01
4.734285387492918051e-01
-1.246127315800744650e-01
-9.307201981574216021e-02
-1.131167305791504207e-01
-1.292291613340084133e-01
-9.876796429382490861e-02
-1.615626959101165439e-01
-6.054832663833046441e-02
-8.183899306161757092e-02
4.298055272153299966e-01
4.734285387492921382e-01
-1.615626959101172377e-01
-1.894294296496602525e-01
-1.720281404236373435e-01
-5.633560365564399541e-02
1.624379909248999110e-02
-1.894294296496741026e-01
-1.720281404236662648e-01
-9.843058665118428752e-02
1.362671493427911051e-02
4.070988284011833186e-02
-1.797284064268762638e-01
-7.180782840656149690e-02
4.339992824869497445e-01
-1.137298314798161070e-01
4.460082446301951165e-01
-1.709125462357432290e-01
4.065979641891132590e-01
1.624379909251816995e-02
-1.673414118347300583e-01
-1.673414118347302526e-01
-5.633560365569220685e-02
-1.673414118347302249e-01
4.070988284011516078e-02
-1.797284064269108750e-01
4.339992824869656207e-01
1.362671493427913480e-02
-1.137298314798156074e-01
-9.843058665118471773e-02
4.460082446301953385e-01
-7.180782840659623301e-02
-1.894294296496612795e-01
-1.720281404236665146e-01
4.065979641891271368e-01
-1.709125462357564962e-01
-1.894294296496756291e-01
-1.720281404236366773e-01
-1.673414118347306689e-01
-1.797284064268765136e-01
-7.180782840656058097e-02
4.339992824869496335e-01
4.070988284011825553e-02
1.362671493429238809e-02
-9.843058665121810769e-02
1.624379909251792015e-02
-1.709125462357422298e-01
4.065979641891134255e-01
-5.633560365569200562e-02
4.339992824869656762e-01
-7.180782840659552524e-02
4.460082446302102710e-01
1.362671493429134552e-02
-1.709125462357572733e-01
1.624379909249009518e-02
-1.797284064269098758e-01
4.070988284011556324e-02
-1.137298314797909743e-01
-9.843058665121835749e-02
-5.633560365564391909e-02
4.065979641891268592e-01
4.460082446302092163e-01
-1.137298314797900861e-01
-3.253911324087341295e-01
-3.016967906588975401e-01
3.860132387433456297e-02
1.223214629409384441e-01
-3.253911324087369605e-01
-3.016967906589245740e-01
-4.337391380838816202e-02
1.287655021534348798e-01
1.475903754153655434e-01
-1.202596719600398795e-01
7.220863871451997651e-02
3.032896756950743677e-01
1.866839032286444697e-02
3.117853791261747110e-01
-1.439898517804922007e-01
2.840420385105741907e-01
1.223214629409603293e-01
-3.244234009485243431e-01
-3.244234009485202352e-01
3.860132387428175105e-02
-3.244234009485246206e-01
1.475903754153564951e-01
-1.202596719600795977e-01
3.032896756950947958e-01
1.287655021534357958e-01
1.866839032286374961e-02
-4.337391380838907795e-02
3.117853791261752106e-01
7.220863871447459614e-02
-3.253911324087354617e-01
-3.016967906589245185e-01
2.840420385106020573e-01
-1.439898517804845401e-01
-3.253911324087381818e-01
-3.016967906588976511e-01
-3.244234009485212900e-01
-1.202596719600401293e-01
7.220863871452033733e-02
3.032896756950741457e-01
1.475903754153657377e-01
1.287655021534406252e-01
-4.337391380840743133e-02
1.223214629409600240e-01
-1.439898517804906741e-01
2.840420385105740797e-01
3.860132387428194534e-02
3.032896756950949624e-01
7.220863871447505411e-02
3.117853791261815943e-01
1.287655021534401534e-01
-1.439898517804844291e-01
1.223214629409380694e-01
-1.202596719600791952e-01
1.475903754153562730e-01
1.866839032288241870e-02
-4.337391380840761174e-02
3.860132387433465317e-02
2.840420385106018908e-01
3.117853791261803176e-01
1.866839032288485425e-02
-3.853148229612629594e-01
-3.685120078385612508e-01
1.955327643638822832e-01
1.529673473801786976e-01
-3.853148229612501363e-01
-3.685120078385839548e-01
1.176436767396259048e-01
1.645421253527097061e-01
1.695026996473360803e-01
6.260426698960656899e-02
2.726345272734572722e-01
8.895555671421598309e-02
2.198718007493904170e-01
9.405912839479436960e-02
7.257137630671131080e-03
8.271629020579079894e-02
1.529673473801909100e-01
-4.208722294328258173e-01
-4.208722294328109959e-01
1.955327643638342938e-01
-4.208722294328264280e-01
1.695026996473182335e-01
6.260426698956660096e-02
8.895555671423557853e-02
1.645421253527105665e-01
2.198718007493885018e-01
1.176436767396247945e-01
9.405912839479553533e-02
2.726345272734153058e-01
-3.853148229612642361e-01
-3.685120078385833997e-01
8.271629020582649261e-02
7.257137630696365235e-03
-3.853148229612508580e-01
-3.685120078385618059e-01
-4.208722294328115510e-01
6.260426698960575020e-02
2.726345272734572167e-01
8.895555671421578880e-02
1.695026996473361636e-01
1.645421253526992977e-01
1.176436767396241700e-01
1.529673473801908545e-01
7.257137630672383551e-03
8.271629020579022995e-02
1.955327643638349322e-01
8.895555671423574506e-02
2.726345272734151393e-01
9.405912839478754173e-02
1.645421253526991312e-01
7.257137630696752079e-03
1.529673473801790307e-01
6.260426698956696179e-02
1.695026996473181224e-01
2.198718007494032123e-01
1.176436767396227823e-01
1.955327643638822277e-01
8.271629020582615954e-02
9.405912839478716703e-02
2.198718007494045446e-01
-3.425683923270257947e-01
-3.456739908180183063e-01
3.472050837095947418e-01
5.250876918548292444e-02
-3.425683923269990383e-01
-3.456739908180325171e-01
3.243982362669461383e-01
5.799578155984790040e-02
5.242823275102240915e-02
3.021100184372653152e-01
4.460218427222289450e-01
-1.356120532447770977e-01
4.067814935259245201e-01
-1.330966080586727940e-01
2.250744719094324442e-01
-1.269381611674799681e-01
5.250876918548355587e-02
-4.207843400735324924e-01
-4.207843400735081785e-01
3.472050837095608800e-01
-4.207843400735328254e-01
5.242823275100023939e-02
3.021100184372339514e-01
-1.356120532447668836e-01
5.799578155984827510e-02
4.067814935259230769e-01
3.243982362669467490e-01
-1.330966080586721279e-01
4.460218427221992465e-01
-3.425683923270265163e-01
-3.456739908180323506e-01
-1.269381611674501309e-01
2.250744719094618096e-01
-3.425683923269989828e-01
-3.456739908180184173e-01
-4.207843400735077899e-01
3.021100184372650932e-01
4.460218427222283899e-01
-1.356120532447776250e-01
5.242823275102269365e-02
5.799578155981715416e-02
3.243982362669557418e-01
5.250876918548098848e-02
2.250744719094332491e-01
-1.269381611674811339e-01
3.472050837095608800e-01
-1.356120532447664395e-01
4.460218427221990800e-01
-1.330966080586983291e-01
5.799578155981722355e-02
2.250744719094620316e-01
5.250876918548265382e-02
3.021100184372351172e-01
5.242823275100005898e-02
4.067814935259333464e-01
3.243982362669552977e-01
3.472050837095949638e-01
-1.269381611674506583e-01
-1.330966080586988842e-01
4.067814935259339015e-01
-2.126321114290758707e-01
-2.419650865099756132e-01
4.382835850104098707e-01
-1.727388832096062588e-01
-2.126321114290423142e-01
-2.419650865099797210e-01
4.862859264431627082e-01
-1.852626359062609640e-01
-1.911454100530679545e-01
4.938462527803448299e-01
5.286303295053628171e-01
-2.767917668863110192e-01
5.079707849722525648e-01
-2.742967447477694387e-01
4.112110862178084969e-01
-2.557517716656457774e-01
-1.727388832096156401e-01
-3.241589423962245586e-01
-3.241589423961941385e-01
4.382835850103918851e-01
-3.241589423962246141e-01
-1.911454100530864952e-01
4.938462527803330615e-01
-2.767917668863196234e-01
-1.852626359062606587e-01
5.079707849722530089e-01
4.862859264431630968e-01
-2.742967447477687726e-01
5.286303295053521589e-01
-2.126321114290760927e-01
-2.419650865099805814e-01
-2.557517716656329543e-01
4.112110862178277038e-01
-2.126321114290423420e-01
-2.419650865099759185e-01
-3.241589423961939165e-01
4.938462527803450519e-01
5.286303295053621509e-01
-2.767917668863115188e-01
-1.911454100530681210e-01
-1.852626359063059835e-01
4.862859264431725337e-01
-1.727388832096177218e-01
4.112110862178088300e-01
-2.557517716656475537e-01
4.382835850103918851e-01
-2.767917668863192349e-01
5.286303295053519369e-01
-2.742967447478113496e-01
-1.852626359063055672e-01
4.112110862178278703e-01
-1.727388832096080351e-01
4.938462527803336166e-01
-1.911454100530861899e-01
5.079707849722598922e-01
4.862859264431729223e-01
4.382835850104100928e-01
-2.557517716656337869e-01
-2.742967447478119603e-01
5.079707849722601143e-01
-3.752147723783468836e-01
-3.283386263716387976e-01
2.499549024645878192e-01
9.735085681846432359e-02
-3.752147723782961464e-01
-3.283386263716684961e-01
1.743308182071315604e-01
1.735912654182728554e-01
6.583925911045514223e-02
1.837597435508396271e-01
2.776925247299644739e-01
-7.400631826862444917e-01
2.521823084359066103e-01
-7.762615015372094085e-01
1.746973796812710533e-01
-7.009282070350686400e-01
9.735085681847463479e-02
-3.573555828690195280e-01
-3.573555828689759517e-01
2.499549024645782991e-01
-3.573555828690190284e-01
6.583925911044860579e-02
1.837597435508597499e-01
-7.400631826862659191e-01
1.735912654182725778e-01
2.521823084359059441e-01
1.743308182071317547e-01
-7.762615015372086313e-01
2.776925247299459887e-01
-3.752147723783487709e-01
-3.283386263716685516e-01
-7.009282070350538740e-01
1.746973796813157398e-01
-3.752147723782981448e-01
-3.283386263716407405e-01
-3.573555828689755076e-01
1.837597435508379617e-01
2.776925247299641408e-01
-7.400631826862447138e-01
6.583925911045508672e-02
1.735912654182703851e-01
1.743308182071682533e-01
9.735085681847412131e-02
1.746973796812700264e-01
-7.009282070350683069e-01
2.499549024645785766e-01
-7.400631826862659191e-01
2.776925247299458777e-01
-7.762615015372381633e-01
1.735912654182703574e-01
1.746973796813161284e-01
9.735085681846404604e-02
1.837597435508609434e-01
6.583925911044871682e-02
2.521823084358760791e-01
1.743308182071682255e-01
2.499549024645889850e-01
-7.009282070350536520e-01
-7.762615015372394955e-01
2.521823084358773559e-01
-1.436222880195129614e-01
-1.262327303960262548e-01
3.808542056792440511e-01
7.111708285540846441e-02
-1.436222880194565343e-01
-1.262327303960471547e-01
3.601942075647627250e-01
1.285068959262884725e-01
2.266559883601592523e-02
3.919745864936030055e-01
3.811778118831072315e-01
-7.383259469998210145e-01
3.881903742114337641e-01
-7.570645918411352815e-01
4.089910354440509099e-01
-6.965465685122111950e-01
7.111708285542156505e-02
-1.557495034524002120e-01
-1.557495034523588562e-01
3.808542056792514341e-01
-1.557495034524001565e-01
2.266559883599224279e-02
3.919745864936146074e-01
-7.383259469998173508e-01
1.285068959262882227e-01
3.881903742114335976e-01
3.601942075647623365e-01
-7.570645918411350594e-01
3.811778118831085638e-01
-1.436222880195141827e-01
-1.262327303960481817e-01
-6.965465685122214090e-01
4.089910354440871587e-01
-1.436222880194577278e-01
-1.262327303960253111e-01
-1.557495034523588007e-01
3.919745864936026725e-01
3.811778118831071205e-01
-7.383259469998210145e-01
2.266559883601617503e-02
1.285068959262677390e-01
3.601942075647898700e-01
7.111708285542148178e-02
4.089910354440502993e-01
-6.965465685122108619e-01
3.808542056792525998e-01
-7.383259469998173508e-01
3.811778118831083972e-01
-7.570645918411669228e-01
1.285068959262677946e-01
4.089910354440873252e-01
7.111708285540838115e-02
3.919745864936168278e-01
2.266559883599240585e-02
3.881903742114123923e-01
3.601942075647895369e-01
3.808542056792446617e-01
-6.965465685122211870e-01
-7.570645918411665898e-01
3.881903742114122813e-01
1.193190943143759841e-01
1.038850675438330318e-01
3.877117556246598706e-01
-8.608819997070468050e-03
1.193190943144244176e-01
1.038850675438134363e-01
4.744813158638455097e-01
2.509246571156772965e-02
-5.563452083506188056e-02
5.097488206235276653e-01
3.530046222546511236e-01
-5.789932206473985543e-01
3.810686220376772737e-01
-5.820820738858573096e-01
5.550473404643126996e-01
-5.481919308694821469e-01
-8.608819997055323914e-03
8.839675725906573356e-02
8.839675725910535464e-02
3.877117556246787444e-01
8.839675725906635806e-02
-5.563452083509317497e-02
5.097488206235348818e-01
-5.789932206473695775e-01
2.509246571156741046e-02
3.810686220376782174e-01
4.744813158638453432e-01
-5.820820738858585308e-01
3.530046222546678325e-01
1.193190943143755817e-01
1.038850675438171833e-01
-5.481919308695174520e-01
5.550473404643292419e-01
1.193190943144242788e-01
1.038850675438324628e-01
8.839675725910590975e-02
5.097488206235275543e-01
3.530046222546510681e-01
-5.789932206473985543e-01
-5.563452083506142953e-02
2.509246571153764954e-02
4.744813158638565564e-01
-8.608819997055700349e-03
5.550473404643125885e-01
-5.481919308694822579e-01
3.877117556246794661e-01
-5.789932206473696885e-01
3.530046222546677215e-01
-5.820820738858814014e-01
2.509246571153755934e-02
5.550473404643295749e-01
-8.608819997072471655e-03
5.097488206235352148e-01
-5.563452083509334151e-02
3.810686220376701128e-01
4.744813158638565009e-01
3.877117556246600927e-01
-5.481919308695173410e-01
-5.820820738858797361e-01
3.810686220376681699e-01
3.116295783246251783e-01
2.701486321907172750e-01
3.044922695198865603e-01
-8.820173390959211435e-02
3.116295783246537665e-01
2.701486321907007881e-01
4.967393918847886614e-01
-7.449087829870888744e-02
-1.155151560947938888e-01
5.119641084333845793e-01
2.368109966800812649e-01
-2.867687895734782888e-01
2.688909844217101108e-01
-2.754159127040556876e-01
5.816377174440702236e-01
-2.761579235838574897e-01
-8.820173390957211645e-02
2.789781733606233050e-01
2.789781733606541692e-01
3.044922695199064333e-01
2.789781733606232494e-01
-1.155151560948240869e-01
5.119641084333880210e-01
-2.867687895734335468e-01
-7.449087829870852662e-02
2.688909844217114986e-01
4.967393918847889944e-01
-2.754159127040551325e-01
2.368109966801026089e-01
3.116295783246247897e-01
2.701486321907020649e-01
-2.761579235839078383e-01
5.816377174440636733e-01
3.116295783246537665e-01
2.701486321907172194e-01
2.789781733606542802e-01
5.119641084333843573e-01
2.368109966800810151e-01
-2.867687895734782888e-01
-1.155151560947934725e-01
-7.449087829873521360e-02
4.967393918847831658e-01
-8.820173390957165849e-02
5.816377174440705566e-01
-2.761579235838576007e-01
3.044922695199068219e-01
-2.867687895734335468e-01
2.368109966801025534e-01
-2.754159127040672339e-01
-7.449087829873518585e-02
5.816377174440635622e-01
-8.820173390959243354e-02
5.119641084333876879e-01
-1.155151560948249750e-01
2.688909844217141076e-01
4.967393918847832768e-01
3.044922695198866713e-01
-2.761579235839078938e-01
-2.754159127040671229e-01
2.688909844217130529e-01
3.661148306444632627e-01
3.135361442278153943e-01
1.984527728834135363e-01
-1.290005130844069925e-01
3.661148306444702571e-01
3.135361442277971311e-01
4.272186188103235804e-01
-1.244286680697454378e-01
-1.262999532340955133e-01
4.060461920106646083e-01
1.098083771265465636e-01
6.764470987792631229e-02
1.290432944457148290e-01
9.131568088634582636e-02
4.880322268635637895e-01
5.486912449245766321e-02
-1.290005130843822623e-01
3.494201302239323126e-01
3.494201302239511309e-01
1.984527728834223903e-01
3.494201302239322571e-01
-1.262999532341173015e-01
4.060461920106651634e-01
6.764470987797269186e-02
-1.244286680697447717e-01
1.290432944457154674e-01
4.272186188103239135e-01
9.131568088634509084e-02
1.098083771265606357e-01
3.661148306444633738e-01
3.135361442277965205e-01
5.486912449240795298e-02
4.880322268635385874e-01
3.661148306444705902e-01
3.135361442278152833e-01
3.494201302239512974e-01
4.060461920106653300e-01
1.098083771265458836e-01
6.764470987792621515e-02
-1.262999532340951803e-01
-1.244286680697597319e-01
4.272186188103009874e-01
-1.290005130843822068e-01
4.880322268635639560e-01
5.486912449245788526e-02
1.984527728834225291e-01
6.764470987797274737e-02
1.098083771265605940e-01
9.131568088634220426e-02
-1.244286680697599679e-01
4.880322268635381433e-01
-1.290005130844068815e-01
4.060461920106656075e-01
-1.262999532341183007e-01
1.290432944457270692e-01
4.272186188103014315e-01
1.984527728834136751e-01
5.486912449240800849e-02
9.131568088634366143e-02
1.290432944457269859e-01
2.824701755480635290e-01
2.361298375881581701e-01
1.271273104884304839e-01
-9.716583119213559327e-02
2.824701755480543697e-01
2.361298375881336897e-01
2.935873950366451601e-01
-8.932148996268986230e-02
-6.558357421635647999e-02
2.331773418897169492e-01
4.050630586040849385e-02
3.674203992973346655e-01
3.341098927433042154e-02
3.990541021855049664e-01
3.097332909261525935e-01
3.357469659291082431e-01
-9.716583119210792097e-02
2.905686808737560911e-01
2.905686808737651394e-01
1.271273104884220462e-01
2.905686808737557025e-01
-6.558357421636852591e-02
2.331773418897134520e-01
3.674203992973620880e-01
-8.932148996269007046e-02
3.341098927433007459e-02
2.935873950366448271e-01
3.990541021855038006e-01
4.050630586040571135e-02
2.824701755480630849e-01
2.361298375881341061e-01
3.357469659290741038e-01
3.097332909261176215e-01
2.824701755480537591e-01
2.361298375881580314e-01
2.905686808737643623e-01
2.331773418897177541e-01
4.050630586040740444e-02
3.674203992973346100e-01
-6.558357421635620244e-02
-8.932148996268876595e-02
2.935873950366125751e-01
-9.716583119210805974e-02
3.097332909261533151e-01
3.357469659291087982e-01
1.271273104884217131e-01
3.674203992973621435e-01
4.050630586040604442e-02
3.990541021855109061e-01
-8.932148996268998720e-02
3.097332909261176770e-01
-9.716583119213567654e-02
2.331773418897122030e-01
-6.558357421636874796e-02
3.341098927434636018e-02
2.935873950366128526e-01
1.271273104884303173e-01
3.357469659290742703e-01
3.990541021855107395e-01
3.341098927434623528e-02
1.136274484575170995e-01
8.531052574768568930e-02
1.242458394493396318e-01
1.092327308348232939e-02
1.136274484575015842e-01
8.531052574765797536e-02
1.595699369046839067e-01
3.072423721828099544e-02
6.108749708002047391e-02
7.052509110263391334e-02
6.673775846121862698e-02
5.123782920793382711e-01
2.779790710246489091e-02
5.464216300637225743e-01
1.243717329573258978e-01
4.721607342842909505e-01
1.092327308351283624e-02
1.406482862191180405e-01
1.406482862191219818e-01
1.242458394493136525e-01
1.406482862191168748e-01
6.108749708001461054e-02
7.052509110262222825e-02
5.123782920793439333e-01
3.072423721828191484e-02
2.779790710246473825e-02
1.595699369046838234e-01
5.464216300637214641e-01
6.673775846119552047e-02
1.136274484575168497e-01
8.531052574765825292e-02
4.721607342842841781e-01
1.243717329572943536e-01
1.136274484575004740e-01
8.531052574768570318e-02
1.406482862191212324e-01
7.052509110263341374e-02
6.673775846121747513e-02
5.123782920793384932e-01
6.108749708002094575e-02
3.072423721829376994e-02
1.595699369046514604e-01
1.092327308351322829e-02
1.243717329573265362e-01
4.721607342842914501e-01
1.242458394493137913e-01
5.123782920793437112e-01
6.673775846119647803e-02
5.464216300637313450e-01
3.072423721829370055e-02
1.243717329572947145e-01
1.092327308348273879e-02
7.052509110262129843e-02
6.108749708001470768e-02
2.779790710248075322e-02
1.595699369046515159e-01
1.242458394493397289e-01
4.721607342842843447e-01
5.464216300637319002e-01
2.779790710248148181e-02
-6.125552957681431460e-02
-7.075332163715693234e-02
1.974375890297881964e-01
1.523960483839879865e-01
-6.125552957682389027e-02
-7.075332163718639489e-02
9.725355858298737055e-02
1.862844418655161260e-01
2.060796958006049506e-01
-1.045205660193631296e-04
1.886906276458624465e-01
4.585305468167791276e-01
1.233262657995950889e-01
4.897704130072260131e-01
2.032111989700661689e-02
4.222416303856384445e-01
1.523960483840160751e-01
-3.375346000889815901e-02
-3.375346000889167808e-02
1.974375890297509206e-01
-3.375346000889792308e-02
2.060796958005974011e-01
-1.045205660377454928e-04
4.585305468167934495e-01
1.862844418655167922e-01
1.233262657995938816e-01
9.725355858298709300e-02
4.897704130072270678e-01
1.886906276458284459e-01
-6.125552957681399541e-02
-7.075332163718674183e-02
4.222416303856601494e-01
2.032111989699253093e-02
-6.125552957682460498e-02
-7.075332163715665479e-02
-3.375346000889106746e-02
-1.045205660190764665e-04
1.886906276458625575e-01
4.585305468167790721e-01
2.060796958006052837e-01
1.862844418655295042e-01
9.725355858296685918e-02
1.523960483840160474e-01
2.032111989700746690e-02
4.222416303856388331e-01
1.974375890297507818e-01
4.585305468167933940e-01
1.886906276458288623e-01
4.897704130072329520e-01
1.862844418655291712e-01
2.032111989699369667e-02
1.523960483839884861e-01
-1.045205660378323103e-04
2.060796958005971236e-01
1.233262657996063855e-01
9.725355858296674816e-02
1.974375890297883074e-01
4.222416303856604269e-01
4.897704130072306206e-01
1.233262657996090500e-01
-1.613106930499629554e-01
-1.612401865170133841e-01
2.650797224170085564e-01
2.236560541253796996e-01
-1.613106930499632330e-01
-1.612401865170427495e-01
1.068135370166444220e-01
2.619712344654369640e-01
2.692512512060930008e-01
1.738494842057855538e-02
2.937821585155427906e-01
3.162766039162530074e-01
2.192678046677084269e-01
3.419516421442790888e-01
1.209791301868473438e-02
2.896726824713763970e-01
2.236560541254039858e-01
-1.481567562371332858e-01
-1.481567562371213786e-01
2.650797224169684219e-01
-1.481567562371327862e-01
2.692512512060807328e-01
1.738494842055556683e-02
3.162766039162815956e-01
2.619712344654374636e-01
2.192678046677075387e-01
1.068135370166439363e-01
3.419516421442799214e-01
2.937821585155064308e-01
-1.613106930499628167e-01
-1.612401865170427218e-01
2.896726824714133119e-01
1.209791301868519235e-02
-1.613106930499639269e-01
-1.612401865170135784e-01
-1.481567562371214619e-01
1.738494842057856926e-02
2.937821585155430126e-01
3.162766039162528964e-01
2.692512512060933894e-01
2.619712344654429592e-01
1.068135370166343190e-01
2.236560541254036527e-01
1.209791301868521837e-02
2.896726824713766746e-01
2.650797224169684219e-01
3.162766039162815401e-01
2.937821585155072079e-01
3.419516421442811982e-01
2.619712344654430147e-01
1.209791301868628870e-02
2.236560541253792000e-01
1.738494842055578193e-02
2.692512512060800667e-01
2.192678046677185855e-01
1.068135370166340553e-01
2.650797224170089450e-01
2.896726824714137005e-01
3.419516421442793663e-01
2.192678046677199455e-01
-1.836747065481322827e-01
-1.830332832266406140e-01
3.283078194628878954e-01
2.577566406779003283e-01
-1.836747065481252605e-01
-1.830332832266685084e-01
1.457759464664254434e-01
2.995017044427820685e-01
2.974819087893422198e-01
6.513482848121013302e-02
3.771150164106158442e-01
2.016017434077582993e-01
2.995181748540463595e-01
2.246846212279859090e-01
4.748987345704488300e-02
1.820958131205420438e-01
2.577566406779215336e-01
-1.821213804247851786e-01
-1.821213804247684420e-01
3.283078194628526458e-01
-1.821213804247861778e-01
2.974819087893258995e-01
6.513482848118813673e-02
2.016017434077936321e-01
2.995017044427826236e-01
2.995181748540451938e-01
1.457759464664250826e-01
2.246846212279867971e-01
3.771150164105815938e-01
-1.836747065481314778e-01
-1.830332832266680920e-01
1.820958131205846209e-01
4.748987345705221741e-02
-1.836747065481252883e-01
-1.830332832266409748e-01
-1.821213804247701629e-01
6.513482848120961954e-02
3.771150164106166769e-01
2.016017434077582160e-01
2.974819087893423308e-01
2.995017044427811803e-01
1.457759464664233062e-01
2.577566406779216446e-01
4.748987345704524382e-02
1.820958131205422104e-01
3.283078194628529234e-01
2.016017434077937431e-01
3.771150164105818159e-01
2.246846212279841326e-01
2.995017044427815689e-01
4.748987345705331375e-02
2.577566406778998287e-01
6.513482848118826163e-02
2.974819087893256775e-01
2.995181748540545197e-01
1.457759464664230009e-01
3.283078194628882285e-01
1.820958131205848152e-01
2.246846212279829669e-01
2.995181748540550748e-01
-1.921023603716544015e-01
-1.979647721473520028e-01
4.383722614618856261e-01
2.385231139151992030e-01
-1.921023603716325856e-01
-1.979647721473759281e-01
2.709217408383928216e-01
2.742492281757142325e-01
2.555454377527687782e-01
2.208877680879693939e-01
5.230948724663018190e-01
-1.153504548463966384e-01
4.523547452896655163e-01
-1.021406530360536996e-01
1.788212885180576472e-01
-1.138769259517559834e-01
2.385231139152134971e-01
-2.312454886835527690e-01
-2.312454886835267620e-01
4.383722614618622559e-01
-2.312454886835523804e-01
2.555454377527416887e-01
2.208877680879500482e-01
-1.153504548463601953e-01
2.742492281757139549e-01
4.523547452896651833e-01
2.709217408383934322e-01
-1.021406530360512571e-01
5.230948724662795035e-01
-1.921023603716547345e-01
-1.979647721473759003e-01
-1.138769259517090210e-01
1.788212885180780198e-01
-1.921023603716329464e-01
-1.979647721473520583e-01
-2.312454886835267343e-01
2.208877680879680061e-01
5.230948724663020410e-01
-1.153504548463967910e-01
2.555454377527687782e-01
2.742492281756916395e-01
2.709217408384049786e-01
2.385231139152126922e-01
1.788212885180581191e-01
-1.138769259517562193e-01
4.383722614618627555e-01
-1.153504548463600426e-01
5.230948724662800586e-01
-1.021406530360679243e-01
2.742492281756918060e-01
1.788212885180789080e-01
2.385231139151989810e-01
2.208877680879507144e-01
2.555454377527420218e-01
4.523547452896698462e-01
2.709217408384052006e-01
4.383722614618859037e-01
-1.138769259517087851e-01
-1.021406530360694231e-01
4.523547452896696242e-01
-1.158160729183537047e-01
-1.420037655691327450e-01
4.909857116488073880e-01
7.642981990447435259e-02
-1.158160729183241588e-01
-1.420037655691510081e-01
4.082590789071103843e-01
9.070077175324726959e-02
6.818058923687844719e-02
3.916135060719238004e-01
5.839795168528901792e-01
-4.090335641286942381e-01
5.339446862741239475e-01
-4.067876968072973720e-01
3.404147145109753803e-01
-3.868048852437444562e-01
7.642981990448323437e-02
-2.006910853210729373e-01
-2.006910853210415180e-01
4.909857116488011153e-01
-2.006910853210732981e-01
6.818058923684301720e-02
3.916135060719161953e-01
-4.090335641286709234e-01
9.070077175324739449e-02
5.339446862741242805e-01
4.082590789071109394e-01
-4.067876968072968169e-01
5.839795168528876257e-01
-1.158160729183543153e-01
-1.420037655691515077e-01
-3.868048852437095397e-01
3.404147145109955863e-01
-1.158160729183242837e-01
-1.420037655691334666e-01
-2.006910853210414902e-01
3.916135060719227456e-01
5.839795168528899572e-01
-4.090335641286944046e-01
6.818058923687816963e-02
9.070077175320115370e-02
4.082590789071275927e-01
7.642981990447970941e-02
3.404147145109756578e-01
-3.868048852437451224e-01
4.909857116488010043e-01
-4.090335641286708124e-01
5.839795168528877367e-01
-4.067876968073266264e-01
9.070077175320179208e-02
3.404147145109960859e-01
7.642981990447408891e-02
3.916135060719180272e-01
6.818058923684336414e-02
5.339446862741231703e-01
4.082590789071279813e-01
4.909857116488073325e-01
-3.868048852437091512e-01
-4.067876968073272370e-01
5.339446862741236144e-01
-2.807524188557910865e-04
-5.231012787801132130e-02
4.646886025699131784e-01
-1.947726879565497837e-01
-2.807524188274764963e-04
-5.231012787802355457e-02
4.703449288429488173e-01
-2.125224870528858445e-01
-2.222916730122098117e-01
4.751924268407801688e-01
5.346559722481517563e-01
-5.648622089143422453e-01
5.093782454333128928e-01
-5.722612239911775145e-01
4.316193865146894515e-01
-5.293544707125825699e-01
-1.947726879565442881e-01
-1.182598180208878635e-01
-1.182598180208592059e-01
4.646886025699213385e-01
-1.182598180208880856e-01
-2.222916730122433682e-01
4.751924268407918817e-01
-5.648622089143435776e-01
-2.125224870528868715e-01
5.093782454333128928e-01
4.703449288429497055e-01
-5.722612239911777365e-01
5.346559722481699639e-01
-2.807524188562664550e-04
-5.231012787802329783e-02
-5.293544707125716897e-01
4.316193865146952247e-01
-2.807524188276027516e-04
-5.231012787801301439e-02
-1.182598180208590533e-01
4.751924268407804464e-01
5.346559722481513122e-01
-5.648622089143421343e-01
-2.222916730122105611e-01
-2.125224870529431598e-01
4.703449288429589203e-01
-1.947726879565465363e-01
4.316193865146893960e-01
-5.293544707125835691e-01
4.646886025699213385e-01
-5.648622089143432445e-01
5.346559722481696308e-01
-5.722612239912197030e-01
-2.125224870529437982e-01
4.316193865146955022e-01
-1.947726879565519764e-01
4.751924268407919372e-01
-2.222916730122427853e-01
5.093782454333088960e-01
4.703449288429589759e-01
4.646886025699130673e-01
-5.293544707125708015e-01
-5.722612239912191479e-01
5.093782454333078968e-01
1.050053677042544209e-01
3.315711430142990329e-02
3.810558166879078335e-01
-4.881187787400319000e-01
1.050053677042733086e-01
3.315711430142689875e-02
3.994068402344495561e-01
-5.389754340708526881e-01
-5.254972596993480183e-01
4.064928859422067831e-01
4.063336037810497126e-01
-5.379334762583249940e-01
3.991249325758665645e-01
-5.520463658695557996e-01
3.821027445782588239e-01
-5.002696309295252552e-01
-4.881187787400244615e-01
-2.152754257239216165e-02
-2.152754257237210478e-02
3.810558166879237652e-01
-2.152754257239219635e-02
-5.254972596993737755e-01
4.064928859422375362e-01
-5.379334762583515284e-01
-5.389754340708533542e-01
3.991249325758671196e-01
3.994068402344511659e-01
-5.520463658695565767e-01
4.063336037810794665e-01
1.050053677042542266e-01
3.315711430142863347e-02
-5.002696309295383559e-01
3.821027445782428922e-01
1.050053677042734890e-01
3.315711430142854327e-02
-2.152754257237213600e-02
4.064928859422070606e-01
4.063336037810499901e-01
-5.379334762583249940e-01
-5.254972596993476852e-01
-5.389754340709048686e-01
3.994068402344452262e-01
-4.881187787400238509e-01
3.821027445782588239e-01
-5.002696309295268096e-01
3.810558166879241537e-01
-5.379334762583514173e-01
4.063336037810790224e-01
-5.520463658696044273e-01
-5.389754340709056457e-01
3.821027445782432252e-01
-4.881187787400335099e-01
4.064928859422373697e-01
-5.254972596993741085e-01
3.991249325758596811e-01
3.994068402344458368e-01
3.810558166879077224e-01
-5.002696309295375787e-01
-5.520463658696036502e-01
3.991249325758579602e-01
-2.718990320557905238e-01
-2.251453036684071818e-01
-6.497559150243148451e-02
-1.052898600887142155e-01
-2.718990320557657103e-01
-2.251453036684465947e-01
-3.124488928182078129e-01
-2.852960855827328668e-02
-7.960883600110237046e-02
-3.199579647801850668e-01
-2.911168548933988545e-03
-5.126557396725403004e-01
-8.529312197064238543e-02
-5.792774934844544532e-01
-3.760286096692109226e-01
-5.067286655096960857e-01
-1.052898600886961050e-01
-2.076399195890457072e-01
-2.076399195889989946e-01
-6.497559150246090542e-02
-2.076399195890453186e-01
-7.960883600107343527e-02
-3.199579647801458759e-01
-5.126557396725854865e-01
-2.852960855827344974e-02
-8.529312197064294054e-02
-3.124488928182080905e-01
-5.792774934844546753e-01
-2.911168548968436683e-03
-2.718990320557900797e-01
-2.251453036684466502e-01
-5.067286655096568948e-01
-3.760286096691854429e-01
-2.718990320557671536e-01
-2.251453036684071818e-01
-2.076399195889987448e-01
-3.199579647801850668e-01
-2.911168548933728336e-03
-5.126557396725403004e-01
-7.960883600110249536e-02
-2.852960855823708647e-02
-3.124488928181612946e-01
-1.052898600886966463e-01
-3.760286096692118663e-01
-5.067286655096959747e-01
-6.497559150246075277e-02
-5.126557396725853755e-01
-2.911168548968476148e-03
-5.792774934844506785e-01
-2.852960855823713851e-02
-3.760286096691848323e-01
-1.052898600887141739e-01
-3.199579647801457094e-01
-7.960883600107357405e-02
-8.529312197065121171e-02
-3.124488928181615721e-01
-6.497559150243156778e-02
-5.067286655096565617e-01
-5.792774934844511225e-01
-8.529312197065049006e-02
-1.568568215495471374e-01
-1.204785376595549767e-01
9.087286297921565170e-02
1.051014313646742165e-01
-1.568568215495035056e-01
-1.204785376595900875e-01
-1.886065297948030517e-01
1.701790100395767780e-01
1.026719596735585910e-01
-1.774458486991134509e-01
1.664833746580556273e-01
-7.519988917190866262e-01
9.643970870925136496e-02
-8.030876578548468148e-01
-2.184277335583617030e-01
-7.195420034061216219e-01
1.051014313646963655e-01
-1.283058302751824142e-01
-1.283058302751352575e-01
9.087286297920522948e-02
-1.283058302751826085e-01
1.026719596735691936e-01
-1.774458486990823092e-01
-7.519988917191151589e-01
1.701790100395763894e-01
9.643970870925108740e-02
-1.886065297948025243e-01
-8.030876578548447053e-01
1.664833746580386409e-01
-1.568568215495472762e-01
-1.204785376595904206e-01
-7.195420034060967529e-01
-2.184277335583151847e-01
-1.568568215495048102e-01
-1.204785376595565866e-01
-1.283058302751357849e-01
-1.774458486991148665e-01
1.664833746580560436e-01
-7.519988917190864042e-01
1.026719596735589241e-01
1.701790100395955685e-01
-1.886065297947562835e-01
1.051014313646980031e-01
-2.184277335583623691e-01
-7.195420034061215109e-01
9.087286297920503519e-02
-7.519988917191150479e-01
1.664833746580381968e-01
-8.030876578548433731e-01
1.701790100395950966e-01
-2.184277335583149071e-01
1.051014313646742998e-01
-1.774458486990828365e-01
1.026719596735694573e-01
9.643970870923233851e-02
-1.886065297947561725e-01
9.087286297921577660e-02
-7.195420034060966419e-01
-8.030876578548452605e-01
9.643970870923407324e-02
1.850118652727593752e-02
3.290799940492797337e-02
2.000587062572653507e-01
2.056643249944122009e-01
1.850118652732917965e-02
3.290799940489697040e-02
3.890230203453994007e-02
2.540308807815945813e-01
1.843490124313788003e-01
6.333351606893083963e-02
2.642816438309702476e-01
-8.519299714131191026e-01
2.192893955559508945e-01
-8.856217538369627329e-01
5.108147847127247898e-02
-8.079294544014467006e-01
2.056643249944346274e-01
7.919415987080895281e-03
7.919415987126069215e-03
2.000587062572720676e-01
7.919415987080785993e-03
1.843490124313697520e-01
6.333351606895508412e-02
-8.519299714131227663e-01
2.540308807815946368e-01
2.192893955559508945e-01
3.890230203453956537e-02
-8.856217538369621778e-01
2.642816438309705807e-01
1.850118652727509791e-02
3.290799940489878145e-02
-8.079294544014445911e-01
5.108147847132617908e-02
1.850118652732791677e-02
3.290799940492602355e-02
7.919415987126095235e-03
6.333351606893132535e-02
2.642816438309705807e-01
-8.519299714131191026e-01
1.843490124313793832e-01
2.540308807815925829e-01
3.890230203458255875e-02
2.056643249944345442e-01
5.108147847127123692e-02
-8.079294544014468116e-01
2.000587062572719566e-01
-8.519299714131226553e-01
2.642816438309699700e-01
-8.856217538369646203e-01
2.540308807815924164e-01
5.108147847132547131e-02
2.056643249944122287e-01
6.333351606895468167e-02
1.843490124313699741e-01
2.192893955559279406e-01
3.890230203458225344e-02
2.000587062572659613e-01
-8.079294544014448132e-01
-8.856217538369655085e-01
2.192893955559279406e-01
2.291248353183306385e-01
2.131089945186683821e-01
2.433002714807793732e-01
2.047387796627437306e-01
2.291248353183798492e-01
2.131089945186432910e-01
2.609397242772633629e-01
2.333929458265342205e-01
1.803211851681702504e-01
2.880356753121325331e-01
2.787325447147832591e-01
-7.799209444038918138e-01
2.601473005495070212e-01
-7.951821746985978656e-01
3.093268122820256316e-01
-7.391932304369920326e-01
2.047387796627621048e-01
1.875214416194574130e-01
1.875214416194980471e-01
2.433002714807986910e-01
1.875214416194580236e-01
1.803211851681472411e-01
2.880356753121477986e-01
-7.799209444038666117e-01
2.333929458265341927e-01
2.601473005495076318e-01
2.609397242772634185e-01
-7.951821746985984207e-01
2.787325447147972479e-01
2.291248353183299447e-01
2.131089945186466494e-01
-7.391932304370161244e-01
3.093268122820718724e-01
2.291248353183792663e-01
2.131089945186678269e-01
1.875214416194986855e-01
2.880356753121321445e-01
2.787325447147828705e-01
-7.799209444038919248e-01
1.803211851681708888e-01
2.333929458265154022e-01
2.609397242772988901e-01
2.047387796627617718e-01
3.093268122820245769e-01
-7.391932304369920326e-01
2.433002714807993294e-01
-7.799209444038666117e-01
2.787325447147972479e-01
-7.951821746986020845e-01
2.333929458265151802e-01
3.093268122820708732e-01
2.047387796627435641e-01
2.880356753121509628e-01
1.803211851681467692e-01
2.601473005494873703e-01
2.609397242772990566e-01
2.433002714807799838e-01
-7.391932304370160134e-01
-7.951821746986008632e-01
2.601473005494859825e-01
4.151066833930456279e-01
3.674025893247551688e-01
2.182528273254855933e-01
1.406635583945534396e-01
4.151066833930766586e-01
3.674025893247371277e-01
4.221022557417435928e-01
1.516213796072977127e-01
1.315679035171723466e-01
4.351610166313499284e-01
2.156002236535929650e-01
-5.362143784775742494e-01
2.156282301734103735e-01
-5.325938733628239330e-01
4.888759382881241455e-01
-5.117585571457593518e-01
1.406635583945687051e-01
3.585039456373207978e-01
3.585039456373511624e-01
2.182528273255124329e-01
3.585039456373209088e-01
1.315679035171422595e-01
4.351610166313621408e-01
-5.362143784775253996e-01
1.516213796072978237e-01
2.156282301734121221e-01
4.221022557417439258e-01
-5.325938733628244881e-01
2.156002236536144478e-01
4.151066833930446287e-01
3.674025893247386265e-01
-5.117585571458080906e-01
4.888759382881512905e-01
4.151066833930755484e-01
3.674025893247551133e-01
3.585039456373511069e-01
4.351610166313497063e-01
2.156002236535933536e-01
-5.362143784775742494e-01
1.315679035171728184e-01
1.516213796072732323e-01
4.221022557417670185e-01
1.406635583945683443e-01
4.888759382881236459e-01
-5.117585571457590188e-01
2.182528273255132378e-01
-5.362143784775253996e-01
2.156002236536140038e-01
-5.325938733628259314e-01
1.516213796072732600e-01
4.888759382881506799e-01
1.406635583945518297e-01
4.351610166313631400e-01
1.315679035171414824e-01
2.156282301733960516e-01
4.221022557417670185e-01
2.182528273254858153e-01
-5.117585571458079796e-01
-5.325938733628248212e-01
2.156282301733953022e-01
4.972039239879202932e-01
4.271117982633417243e-01
1.662089153781267925e-01
5.703690465076716870e-02
4.972039239879282868e-01
4.271117982633274024e-01
4.868048378842106949e-01
6.085922256529594648e-02
7.742290791992208210e-02
4.697638256232704590e-01
1.258908679662539276e-01
-1.686135134262210511e-01
1.305736322145737704e-01
-1.472805352084300412e-01
5.467393653144629884e-01
-1.688131246391398055e-01
5.703690465078174732e-02
4.486041972550395829e-01
4.486041972550559032e-01
1.662089153781491635e-01
4.486041972550391943e-01
7.742290791989603349e-02
4.697638256232814502e-01
-1.686135134261599888e-01
6.085922256529627261e-02
1.305736322145749362e-01
4.868048378842106394e-01
-1.472805352084319008e-01
1.258908679662717189e-01
4.972039239879194050e-01
4.271117982633270693e-01
-1.688131246391963436e-01
5.467393653144650978e-01
4.972039239879273431e-01
4.271117982633411136e-01
4.486041972550561252e-01
4.697638256232698484e-01
1.258908679662541774e-01
-1.686135134262210511e-01
7.742290791992226251e-02
6.085922256527635799e-02
4.868048378842180224e-01
5.703690465078291305e-02
5.467393653144621002e-01
-1.688131246391397777e-01
1.662089153781493855e-01
-1.686135134261599333e-01
1.258908679662715524e-01
-1.472805352084317621e-01
6.085922256527638574e-02
5.467393653144644317e-01
5.703690465076756422e-02
4.697638256232811171e-01
7.742290791989532572e-02
1.305736322145647776e-01
4.868048378842181889e-01
1.662089153781268203e-01
-1.688131246391966211e-01
-1.472805352084286534e-01
1.305736322145648332e-01
4.501258716945356619e-01
3.745748529032486562e-01
1.400456978052471713e-01
1.406058560700332999e-02
4.501258716945255589e-01
3.745748529032333907e-01
4.443130988555649141e-01
2.519275866209480519e-02
6.710215082755441318e-02
3.905367784609522497e-01
7.681089203447058478e-02
2.110014871248788448e-01
6.944618788992641678e-02
2.464766167572708666e-01
4.742132552036094628e-01
1.858265868443790270e-01
1.406058560701912985e-02
4.295817583634717329e-01
4.295817583634766734e-01
1.400456978052577461e-01
4.295817583634715664e-01
6.710215082753913374e-02
3.905367784609615200e-01
2.110014871249316359e-01
2.519275866209438886e-02
6.944618788992644454e-02
4.443130988555646921e-01
2.464766167572693401e-01
7.681089203447570568e-02
4.501258716945356064e-01
3.745748529032337792e-01
1.858265868443311764e-01
4.742132552035928650e-01
4.501258716945255034e-01
3.745748529032487117e-01
4.295817583634769510e-01
3.905367784609526938e-01
7.681089203447072356e-02
2.110014871248788171e-01
6.710215082755462135e-02
2.519275866208886550e-02
4.443130988555574756e-01
1.406058560701919403e-02
4.742132552036090742e-01
1.858265868443790270e-01
1.400456978052575241e-01
2.110014871249316637e-01
7.681089203447578895e-02
2.464766167572715050e-01
2.519275866208838671e-02
4.742132552035924764e-01
1.406058560700352775e-02
3.905367784609617421e-01
6.710215082753911986e-02
6.944618788992132363e-02
4.443130988555576422e-01
1.400456978052471990e-01
1.858265868443307600e-01
2.464766167572723932e-01
6.944618788992114322e-02
3.101209726179279813e-01
2.467384021132879579e-01
1.726613912037737175e-01
4.994915915125186512e-02
3.101209726179092185e-01
2.467384021132726091e-01
3.319141911065109918e-01
7.926786378908187713e-02
1.252590116991438574e-01
2.481950330343682953e-01
1.109636400102695236e-01
4.726264349141668375e-01
7.919967740297929881e-02
5.163458180953827137e-01
3.207238462114840316e-01
4.306195763114969988e-01
4.994915915127003114e-02
3.242036645387396665e-01
3.242036645387380012e-01
1.726613912037687493e-01
3.242036645387398885e-01
1.252590116991390556e-01
2.481950330343745681e-01
4.726264349141842680e-01
7.926786378908226571e-02
7.919967740297953473e-02
3.319141911065112138e-01
5.163458180953812704e-01
1.109636400102576026e-01
3.101209726179277038e-01
2.467384021132719429e-01
4.306195763114727404e-01
3.207238462114568867e-01
3.101209726179089965e-01
2.467384021132892069e-01
3.242036645387378901e-01
2.481950330343679068e-01
1.109636400102690518e-01
4.726264349141668375e-01
1.252590116991441627e-01
7.926786378909207731e-02
3.319141911064952266e-01
4.994915915127012829e-02
3.207238462114840871e-01
4.306195763114971653e-01
1.726613912037686382e-01
4.726264349141843790e-01
1.109636400102577553e-01
5.163458180953868215e-01
7.926786378909235486e-02
3.207238462114571642e-01
4.994915915125161532e-02
2.481950330343749844e-01
1.252590116991391944e-01
7.919967740297663428e-02
3.319141911064956707e-01
1.726613912037736898e-01
4.306195763114724628e-01
5.163458180953867105e-01
7.919967740297650938e-02
1.494298416984225497e-01
1.077693743201077053e-01
2.569698193432343736e-01
1.576750055985965682e-01
1.494298416984053413e-01
1.077693743200899140e-01
2.182941535973476066e-01
2.076717074438219623e-01
2.383937207343272413e-01
1.212277178149488016e-01
2.216002642600353456e-01
5.362780173582443188e-01
1.626197971847027912e-01
5.814733968080355586e-01
1.699229070412426323e-01
4.903750566373025199e-01
1.576750055986169963e-01
1.876418584629686026e-01
1.876418584629681863e-01
2.569698193432182753e-01
1.876418584629681585e-01
2.383937207343276299e-01
1.212277178149524098e-01
5.362780173582470944e-01
2.076717074438221844e-01
1.626197971847018475e-01
2.182941535973478842e-01
5.814733968080356696e-01
2.216002642600105044e-01
1.494298416984226052e-01
1.077693743200891230e-01
4.903750566373087927e-01
1.699229070412213716e-01
1.494298416984054245e-01
1.077693743201080800e-01
1.876418584629679920e-01
1.212277178149490930e-01
2.216002642600347627e-01
5.362780173582444299e-01
2.383937207343276299e-01
2.076717074438408916e-01
2.182941535973352276e-01
1.576750055986172183e-01
1.699229070412429377e-01
4.903750566373027975e-01
2.569698193432185529e-01
5.362780173582469834e-01
2.216002642600106709e-01
5.814733968080377791e-01
2.076717074438409749e-01
1.699229070412219267e-01
1.576750055985967625e-01
1.212277178149511470e-01
2.383937207343271303e-01
1.626197971846997936e-01
2.182941535973353386e-01
2.569698193432345956e-01
4.903750566373085151e-01
5.814733968080370019e-01
1.626197971847017643e-01
3.874932920181477919e-02
1.615255659158112977e-02
3.532343490177466960e-01
2.726702511661422412e-01
3.874932920180797213e-02
1.615255659156085780e-02
1.611881565970352537e-01
3.366824254390669569e-01
3.438756137544695113e-01
6.879778522249281603e-02
3.536146172083607930e-01
4.235046333207531100e-01
2.762732466391564778e-01
4.647487557066908859e-01
9.260031730987884624e-02
3.850407839985972025e-01
2.726702511661615591e-01
8.155633785729832219e-02
8.155633785730544150e-02
3.532343490177283774e-01
8.155633785729800300e-02
3.438756137544672353e-01
6.879778522249291317e-02
4.235046333207790892e-01
3.366824254390675120e-01
2.762732466391557562e-01
1.611881565970351704e-01
4.647487557066914410e-01
3.536146172083330375e-01
3.874932920181518164e-02
1.615255659156092718e-02
3.850407839986295655e-01
9.260031730986982568e-02
3.874932920180820112e-02
1.615255659158089732e-02
8.155633785730563579e-02
6.879778522249310746e-02
3.536146172083607930e-01
4.235046333207530544e-01
3.438756137544697333e-01
3.366824254390832771e-01
1.611881565970322561e-01
2.726702511661614481e-01
9.260031730987894338e-02
3.850407839985974801e-01
3.532343490177284329e-01
4.235046333207791447e-01
3.536146172083330375e-01
4.647487557066911079e-01
3.366824254390841098e-01
9.260031730987021426e-02
2.726702511661427408e-01
6.879778522249270500e-02
3.438756137544667912e-01
2.762732466391536468e-01
1.611881565970323393e-01
3.532343490177470846e-01
3.850407839986293990e-01
4.647487557066887209e-01
2.762732466391543684e-01
-9.935800558531750204e-03
-2.259473852243376948e-02
4.148306472331270145e-01
3.363167494206880104e-01
-9.935800558529292101e-03
-2.259473852245516556e-02
1.559293683386178686e-01
4.044282203258967590e-01
3.942787491277939260e-01
7.442645425351494815e-02
4.416126500334676686e-01
2.699303868766457781e-01
3.575205955967782345e-01
3.057403512412500968e-01
8.188701647080728896e-02
2.416112033591713282e-01
3.363167494207063846e-01
2.479550994805992600e-02
2.479550994807402930e-02
4.148306472331110273e-01
2.479550994805965192e-02
3.942787491277864875e-01
7.442645425351332444e-02
2.699303868766907977e-01
4.044282203258971475e-01
3.575205955967790672e-01
1.559293683386175633e-01
3.057403512412508184e-01
4.416126500334437432e-01
-9.935800558531663468e-03
-2.259473852245489495e-02
2.416112033592158204e-01
8.188701647080905144e-02
-9.935800558529656393e-03
-2.259473852243384928e-02
2.479550994807400155e-02
7.442645425351510080e-02
4.416126500334678351e-01
2.699303868766457781e-01
3.942787491277940370e-01
4.044282203259053632e-01
1.559293683386225871e-01
3.363167494207061070e-01
8.188701647080734447e-02
2.416112033591715225e-01
4.148306472331106942e-01
2.699303868766909087e-01
4.416126500334434102e-01
3.057403512412486535e-01
4.044282203259060293e-01
8.188701647080945389e-02
3.363167494206878994e-01
7.442645425351326893e-02
3.942787491277865430e-01
3.575205955967764582e-01
1.559293683386225871e-01
4.148306472331271810e-01
2.416112033592154595e-01
3.057403512412469326e-01
3.575205955967750704e-01
-2.003337582610335149e-02
-2.680880214973458547e-02
4.823307503277749486e-01
3.826731039559773118e-01
-2.003337582608779796e-02
-2.680880214975442030e-02
1.920652313922606713e-01
4.488102952409347424e-01
4.163250308414041534e-01
1.355063268111093011e-01
5.411283602827440253e-01
-2.293064289679171489e-02
4.578808293768449333e-01
2.452055611495281787e-03
1.256860587950077712e-01
-3.196837917738402923e-02
3.826731039559930769e-01
-8.589584393105430954e-03
-8.589584393082150965e-03
4.823307503277680097e-01
-8.589584393105687693e-03
4.163250308413865008e-01
1.355063268111084407e-01
-2.293064289673460085e-02
4.488102952409346313e-01
4.578808293768452664e-01
1.920652313922606158e-01
2.452055611496920667e-03
5.411283602827317019e-01
-2.003337582610364292e-02
-2.680880214975501358e-02
-3.196837917732928830e-02
1.256860587950227315e-01
-2.003337582608861675e-02
-2.680880214973415873e-02
-8.589584393082870875e-03
1.355063268111089125e-01
5.411283602827443584e-01
-2.293064289679182591e-02
4.163250308414042089e-01
4.488102952409271373e-01
1.920652313922767696e-01
3.826731039559934100e-01
1.256860587950076047e-01
-3.196837917738384188e-02
4.823307503277680652e-01
-2.293064289673448289e-02
5.411283602827317019e-01
2.452055611489597099e-03
4.488102952409270818e-01
1.256860587950227870e-01
3.826731039559766456e-01
1.355063268111080521e-01
4.163250308413869449e-01
4.578808293768397708e-01
1.920652313922766308e-01
4.823307503277752817e-01
-3.196837917732951034e-02
2.452055611488858540e-03
4.578808293768393822e-01
3.185795966049552452e-02
1.787015155796167418e-02
4.928457798149832869e-01
3.251608589255072235e-01
3.185795966051869349e-02
1.787015155794077076e-02
2.749710603789950469e-01
3.731322914299026738e-01
3.284269966994575740e-01
2.513668838371198588e-01
5.707036648013155133e-01
-3.912987915398442040e-01
5.040798285713317117e-01
-3.816033520696168191e-01
2.337977954524136648e-01
-3.755238733491378933e-01
3.251608589255230441e-01
2.004668595000838344e-03
2.004668595029884554e-03
4.928457798149911140e-01
2.004668595000442827e-03
3.284269966994276535e-01
2.513668838371223568e-01
-3.912987915397943550e-01
3.731322914299019522e-01
5.040798285713320448e-01
2.749710603789953245e-01
-3.816033520696155423e-01
5.707036648013228408e-01
3.185795966049558003e-02
1.787015155793980625e-02
-3.755238733490865455e-01
2.337977954524344815e-01
3.185795966051838818e-02
1.787015155796132723e-02
2.004668595028995075e-03
2.513668838371186931e-01
5.707036648013158464e-01
-3.912987915398440930e-01
3.284269966994576850e-01
3.731322914298701443e-01
2.749710603790190278e-01
3.251608589255213788e-01
2.337977954524136093e-01
-3.755238733491377823e-01
4.928457798149913360e-01
-3.912987915397944105e-01
5.707036648013225077e-01
-3.816033520696308634e-01
3.731322914298694782e-01
2.337977954524344260e-01
3.251608589255066684e-01
2.513668838371230230e-01
3.284269966994275425e-01
5.040798285713220528e-01
2.749710603790189167e-01
4.928457798149832314e-01
-3.755238733490868230e-01
-3.816033520696315295e-01
5.040798285713226079e-01
1.148616903023746277e-01
8.017692900718779991e-02
4.161801890578663565e-01
1.375755187722451367e-01
1.148616903023987196e-01
8.017692900716576199e-02
3.438846962932772255e-01
1.532421162632014722e-01
1.175338353611981995e-01
3.456712622237969601e-01
4.851176597490720610e-01
-6.778861789058888698e-01
4.471675445553232042e-01
-6.858264920630504635e-01
3.358178751331319933e-01
-6.422311908643011380e-01
1.375755187722614847e-01
4.204030464262024924e-02
4.204030464264796318e-02
4.161801890578892826e-01
4.204030464261973576e-02
1.175338353611592723e-01
3.456712622238086730e-01
-6.778861789058586718e-01
1.532421162631999456e-01
4.471675445553233708e-01
3.438846962932782803e-01
-6.858264920630490202e-01
4.851176597491017040e-01
1.148616903023744473e-01
8.017692900716645588e-02
-6.422311908642691636e-01
3.358178751331470924e-01
1.148616903023985114e-01
8.017692900718606519e-02
4.204030464264772032e-02
3.456712622237959054e-01
4.851176597490720610e-01
-6.778861789058888698e-01
1.175338353611976999e-01
1.532421162631485700e-01
3.438846962932976536e-01
1.375755187722596251e-01
3.358178751331317713e-01
-6.422311908643006939e-01
4.161801890578890051e-01
-6.778861789058587828e-01
4.851176597491015929e-01
-6.858264920630688932e-01
1.532421162631471268e-01
3.358178751331471479e-01
1.375755187722463024e-01
3.456712622238105048e-01
1.175338353611596054e-01
4.471675445553101591e-01
3.438846962932978757e-01
4.161801890578660235e-01
-6.422311908642692746e-01
-6.858264920630697814e-01
4.471675445553084938e-01
1.685092871405457216e-01
1.079574673041263644e-01
2.848087813776443711e-01
-1.342088924008547901e-01
1.685092871405600434e-01
1.079574673041090171e-01
3.354433350880346443e-01
-1.562616791266813743e-01
-1.641560819526216852e-01
3.445826212429223823e-01
3.199833912495792521e-01
-7.835982720150080905e-01
3.117071442922716429e-01
-8.083413932297297544e-01
3.526791296408238741e-01
-7.404254638259348820e-01
-1.342088924008357498e-01
6.637687145647315490e-02
6.637687145649052989e-02
2.848087813776775667e-01
6.637687145647291898e-02
-1.641560819526639570e-01
3.445826212429473623e-01
-7.835982720150090897e-01
-1.562616791266830396e-01
3.117071442922724755e-01
3.354433350880354769e-01
-8.083413932297300875e-01
3.199833912496202748e-01
1.685092871405453885e-01
1.079574673041106547e-01
-7.404254638259319954e-01
3.526791296408221532e-01
1.685092871405598769e-01
1.079574673041252819e-01
6.637687145649071030e-02
3.445826212429226598e-01
3.199833912495789190e-01
-7.835982720150080905e-01
-1.641560819526221571e-01
-1.562616791267394944e-01
3.354433350880418052e-01
-1.342088924008374984e-01
3.526791296408237075e-01
-7.404254638259343269e-01
2.848087813776773447e-01
-7.835982720150090897e-01
3.199833912496196642e-01
-8.083413932297549565e-01
-1.562616791267412431e-01
3.526791296408223197e-01
-1.342088924008571216e-01
3.445826212429470847e-01
-1.641560819526634296e-01
3.117071442922534352e-01
3.354433350880426379e-01
2.848087813776442601e-01
-7.404254638259322174e-01
-8.083413932297542903e-01
3.117071442922508262e-01
1.652562666136108971e-01
8.486184781578913483e-02
1.590339751271438729e-01
-4.015154032976933074e-01
1.652562666136091207e-01
8.486184781578182124e-02
2.158584906181334195e-01
-4.562846534636498808e-01
-4.300884210600507407e-01
2.135842886446081279e-01
1.486831693056553938e-01
-6.937378205789365149e-01
1.604223388498213221e-01
-7.321036918573198271e-01
2.416429118501678130e-01
-6.576668669376400933e-01
-4.015154032976676057e-01
5.676956983674870394e-02
5.676956983675081336e-02
1.590339751271810098e-01
5.676956983674873863e-02
-4.300884210600903201e-01
2.135842886446426281e-01
-6.937378205789650476e-01
-4.562846534636512685e-01
1.604223388498230984e-01
2.158584906181316709e-01
-7.321036918573210484e-01
1.486831693056967219e-01
1.652562666136105363e-01
8.486184781578177960e-02
-6.576668669376620757e-01
2.416429118501441375e-01
1.652562666136090375e-01
8.486184781578899605e-02
5.676956983675079255e-02
2.135842886446081557e-01
1.486831693056556714e-01
-6.937378205789366259e-01
-4.300884210600509627e-01
-4.562846534637005624e-01
2.158584906181215124e-01
-4.015154032976671616e-01
2.416429118501675355e-01
-6.576668669376397602e-01
1.590339751271810653e-01
-6.937378205789646035e-01
1.486831693056951953e-01
-7.321036918573512464e-01
-4.562846534637017282e-01
2.416429118501440543e-01
-4.015154032976947507e-01
2.135842886446420452e-01
-4.300884210600904867e-01
1.604223388497977854e-01
2.158584906181208740e-01
1.590339751271437618e-01
-6.576668669376615206e-01
-7.321036918573502472e-01
1.604223388497971470e-01
1.112751251109719980e-01
2.545572441509499906e-02
6.600339674582433869e-02
-5.598522122383089439e-01
1.112751251109526662e-01
2.545572441510104283e-02
-1.470761549584719170e-02
-6.338928302973019235e-01
-5.807220913329773637e-01
-4.110727381619042053e-02
1.232013295020209336e-02
-4.723341713434373035e-01
3.122598708117468869e-02
-5.217200713813202606e-01
5.544999364364022569e-03
-4.559934868617029902e-01
-5.598522122382765254e-01
2.120340883543814572e-02
2.120340883542410487e-02
6.600339674586036542e-02
2.120340883543803123e-02
-5.807220913330167766e-01
-4.110727381615230519e-02
-4.723341713434822675e-01
-6.338928302973035889e-01
3.122598708117543462e-02
-1.470761549584759069e-02
-5.217200713813219259e-01
1.232013295023119161e-02
1.112751251109719425e-01
2.545572441509912076e-02
-4.559934868617389059e-01
5.544999364324228880e-03
1.112751251109529299e-01
2.545572441509514131e-02
2.120340883542411875e-02
-4.110727381618863030e-02
1.232013295020193723e-02
-4.723341713434372480e-01
-5.807220913329775858e-01
-6.338928302973291240e-01
-1.470761549587704109e-02
-5.598522122382764143e-01
5.544999364363851699e-03
-4.559934868617030457e-01
6.600339674586001848e-02
-4.723341713434819900e-01
1.232013295023080476e-02
-5.217200713813529012e-01
-6.338928302973307893e-01
5.544999364324508170e-03
-5.598522122383088329e-01
-4.110727381615267295e-02
-5.807220913330165546e-01
3.122598708114807803e-02
-1.470761549587608179e-02
6.600339674582357541e-02
-4.559934868617386838e-01
-5.217200713813519020e-01
3.122598708114842844e-02
