-5.880075969396822977e-01
-5.880075969396821867e-01
-5.880075969396824087e-01
-5.880075969396822977e-01
1.292720736456556940e+00
1.292720736456559827e+00
-6.147452448515838830e-02
-6.147452448515829115e-02
-6.147452448515836748e-02
-6.147452448515807605e-02
-6.147452448511438877e-02
-6.147452448511433326e-02
-6.147452448511440959e-02
-6.147452448511417367e-02
1.163800414321918053e+00
1.163800414321918053e+00
1.163800414321918053e+00
1.163800414321918053e+00
1.163800414321948917e+00
1.163800414321948917e+00
1.163800414321948917e+00
1.163800414321948917e+00
-5.292767804546616439e-01
-5.292767804546616439e-01
-5.292767804546623100e-01
-5.292767804546614219e-01
-5.292767804546290034e-01
-5.292767804546290034e-01
-5.292767804546296695e-01
-5.292767804546287813e-01
-5.292767804546613108e-01
-5.292767804546616439e-01
-5.292767804546614219e-01
-5.292767804546618660e-01
-5.292767804546287813e-01
-5.292767804546290034e-01
-5.292767804546287813e-01
-5.292767804546292254e-01
5.805993269919372812e-01
5.805993269919372812e-01
5.805993269919372812e-01
5.805993269919372812e-01
5.805993269920266542e-01
5.805993269920267652e-01
5.805993269920266542e-01
5.805993269920267652e-01
-2.611147167699103266e-01
-2.611147167699107707e-01
-2.611147167699112148e-01
-2.611147167699101601e-01
-2.611147167698422145e-01
-2.611147167698427141e-01
-2.611147167698431582e-01
-2.611147167698420479e-01
-2.611147167699115479e-01
-2.611147167699111593e-01
-2.611147167699113814e-01
-2.611147167699117699e-01
-2.611147167698436022e-01
-2.611147167698430471e-01
-2.611147167698433802e-01
-2.611147167698436022e-01
-3.516389788452455312e-01
-3.516389788452454757e-01
-3.516389788452454201e-01
-3.516389788452454201e-01
-3.516389788451558251e-01
-3.516389788451559362e-01
-3.516389788451558251e-01
-3.516389788451559362e-01
1.788452018102746899e-01
1.788452018102743013e-01
1.788452018102738850e-01
1.788452018102753005e-01
1.788452018103529051e-01
1.788452018103524332e-01
1.788452018103520447e-01
1.788452018103534324e-01
1.788452018102747731e-01
1.788452018102749674e-01
1.788452018102753005e-01
1.788452018102739960e-01
1.788452018103528773e-01
1.788452018103530994e-01
1.788452018103535157e-01
1.788452018103521002e-01
-1.132061073166157561e+00
-1.132061073166157783e+00
-1.132061073166157561e+00
-1.132061073166157339e+00
-1.132061073166109821e+00
-1.132061073166109821e+00
-1.132061073166109377e+00
-1.132061073166109599e+00
5.695264779819392276e-01
5.695264779819393386e-01
5.695264779819391165e-01
5.695264779819397827e-01
5.695264779819939616e-01
5.695264779819940726e-01
5.695264779819937395e-01
5.695264779819945167e-01
5.695264779819397827e-01
5.695264779819397827e-01
5.695264779819411149e-01
5.695264779819395606e-01
5.695264779819945167e-01
5.695264779819947387e-01
5.695264779819957379e-01
5.695264779819944057e-01
-1.275344567580569022e+00
-1.275344567580569466e+00
-1.275344567580569910e+00
-1.275344567580569466e+00
-1.275344567580591670e+00
-1.275344567580591892e+00
-1.275344567580592114e+00
-1.275344567580591670e+00
6.704350360710064072e-01
6.704350360710057410e-01
6.704350360710064072e-01
6.704350360710056300e-01
6.704350360710185086e-01
6.704350360710179535e-01
6.704350360710187307e-01
6.704350360710178425e-01
6.704350360710060741e-01
6.704350360710061851e-01
6.704350360710061851e-01
6.704350360710060741e-01
6.704350360710182866e-01
6.704350360710183976e-01
6.704350360710185086e-01
6.704350360710180645e-01
-7.419241118465235152e-01
-7.419241118465230711e-01
-7.419241118465239593e-01
-7.419241118465231821e-01
-7.419241118465857987e-01
-7.419241118465856877e-01
-7.419241118465862428e-01
-7.419241118465855767e-01
4.211990064397708733e-01
4.211990064397707623e-01
4.211990064397681532e-01
4.211990064397725386e-01
4.211990064397623246e-01
4.211990064397621025e-01
4.211990064397596600e-01
4.211990064397639899e-01
4.211990064397704292e-01
4.211990064397719835e-01
4.211990064397718725e-01
4.211990064397695965e-01
4.211990064397619360e-01
4.211990064397633793e-01
4.211990064397633238e-01
4.211990064397609368e-01
-1.638649364072519016e-02
-1.638649364072513812e-02
-1.638649364072530465e-02
-1.638649364072515546e-02
-1.638649364077527509e-02
-1.638649364077510509e-02
-1.638649364077537571e-02
-1.638649364077512938e-02
2.345801741543194693e-02
2.345801741543092692e-02
2.345801741543093732e-02
2.345801741543360533e-02
2.345801741543817806e-02
2.345801741543714763e-02
2.345801741543715804e-02
2.345801741543982952e-02
2.345801741543144039e-02
2.345801741543227306e-02
2.345801741543431657e-02
2.345801741543074997e-02
2.345801741543758479e-02
2.345801741543857705e-02
2.345801741544052341e-02
2.345801741543696375e-02
2.794923977776629931e-01
2.794923977776630486e-01
2.794923977776629931e-01
2.794923977776629376e-01
2.794923977776664348e-01
2.794923977776663238e-01
2.794923977776663793e-01
2.794923977776663793e-01
-1.948733077645773415e-01
-1.948733077645774525e-01
-1.948733077645792566e-01
-1.948733077645772305e-01
-1.948733077645406764e-01
-1.948733077645407041e-01
-1.948733077645425082e-01
-1.948733077645404543e-01
-1.948733077645777301e-01
-1.948733077645768419e-01
-1.948733077645778966e-01
-1.948733077645774248e-01
-1.948733077645410094e-01
-1.948733077645401490e-01
-1.948733077645412037e-01
-1.948733077645406486e-01
-6.116834187354324159e-01
-6.116834187354318608e-01
-6.116834187354315278e-01
-6.116834187354320829e-01
-6.116834187354009966e-01
-6.116834187354002195e-01
-6.116834187353999974e-01
-6.116834187354004415e-01
2.506078960251959531e-01
2.506078960251958421e-01
2.506078960251961751e-01
2.506078960251956200e-01
2.506078960252213217e-01
2.506078960252212107e-01
2.506078960252214882e-01
2.506078960252209886e-01
2.506078960251956755e-01
2.506078960251957310e-01
2.506078960251950094e-01
2.506078960251960641e-01
2.506078960252207666e-01
2.506078960252209886e-01
2.506078960252201004e-01
2.506078960252212662e-01
-6.889648074626484320e-01
-6.889648074626483210e-01
-6.889648074626478769e-01
-6.889648074626482099e-01
-6.889648074626705254e-01
-6.889648074626705254e-01
-6.889648074626701924e-01
-6.889648074626704144e-01
3.548772800033707653e-01
3.548772800033702102e-01
3.548772800033700991e-01
3.548772800033708763e-01
3.548772800033841435e-01
3.548772800033837549e-01
3.548772800033836439e-01
3.548772800033843655e-01
3.548772800033706543e-01
3.548772800033710428e-01
3.548772800033717090e-01
3.548772800033699326e-01
3.548772800033840880e-01
3.548772800033845876e-01
3.548772800033851982e-01
3.548772800033834773e-01
-7.679802644757599550e-02
-7.679802644757598162e-02
-7.679802644757602326e-02
-7.679802644757596775e-02
-7.679802644763644714e-02
-7.679802644763641939e-02
-7.679802644763637776e-02
-7.679802644763630837e-02
6.737917981127446165e-02
6.737917981127422573e-02
6.737917981127250489e-02
6.737917981127486411e-02
6.737917981132561518e-02
6.737917981132536538e-02
6.737917981132363066e-02
6.737917981132605927e-02
6.737917981127385103e-02
6.737917981127430900e-02
6.737917981127411471e-02
6.737917981127361511e-02
6.737917981132500456e-02
6.737917981132544865e-02
6.737917981132525436e-02
6.737917981132474088e-02
6.302622756088618328e-01
6.302622756088614997e-01
6.302622756088613887e-01
6.302622756088614997e-01
6.302622756088298583e-01
6.302622756088293032e-01
6.302622756088291922e-01
6.302622756088294143e-01
-3.110341156108703542e-01
-3.110341156108709648e-01
-3.110341156108706318e-01
-3.110341156108697991e-01
-3.110341156107619964e-01
-3.110341156107627181e-01
-3.110341156107623850e-01
-3.110341156107614413e-01
-3.110341156108694105e-01
-3.110341156108687444e-01
-3.110341156108679117e-01
-3.110341156108697436e-01
-3.110341156107612193e-01
-3.110341156107604421e-01
-3.110341156107596650e-01
-3.110341156107614968e-01
-6.873537493904772200e-01
-6.873537493904777751e-01
-6.873537493904783302e-01
-6.873537493904773310e-01
-6.873537493904768869e-01
-6.873537493904762208e-01
-6.873537493904762208e-01
-6.873537493904773310e-01
8.173256796710534067e-01
8.173256796710535177e-01
8.173256796711225736e-01
8.173256796711225736e-01
-5.912522061895236769e-02
-5.912522061895249953e-02
-5.912522061887782315e-02
-5.912522061887806601e-02
8.173256796710535177e-01
8.173256796710535177e-01
8.173256796711225736e-01
8.173256796711225736e-01
-5.912522061895233300e-02
-5.912522061895251341e-02
-5.912522061887785091e-02
-5.912522061887807295e-02
-8.526640166719435809e-01
-8.526640166719438030e-01
-8.526640166719440250e-01
-8.526640166719433589e-01
-8.526640166719436920e-01
-8.526640166719433589e-01
-8.526640166719433589e-01
-8.526640166719434699e-01
-2.763674948740976745e-02
-2.763674948740990622e-02
-2.763674948740649923e-02
-2.763674948740658943e-02
8.115612259086549818e-01
8.115612259086547597e-01
8.115612259086469882e-01
8.115612259086467661e-01
-2.763674948740987847e-02
-2.763674948740991316e-02
-2.763674948740659637e-02
-2.763674948740668658e-02
8.115612259086549818e-01
8.115612259086550928e-01
8.115612259086468772e-01
8.115612259086469882e-01
-3.521720243711874976e-01
-3.521720243711862208e-01
-3.521720243711856102e-01
-3.521720243711897180e-01
-3.521720243711864984e-01
-3.521720243711864429e-01
-3.521720243711888298e-01
-3.521720243711833898e-01
8.543807694190417301e-01
8.543807694190418411e-01
8.543807694189834434e-01
8.543807694189836655e-01
-6.147087409295127758e-01
-6.147087409295126648e-01
-6.147087409296183580e-01
-6.147087409296184690e-01
8.543807694190418411e-01
8.543807694190413971e-01
8.543807694189836655e-01
8.543807694189831103e-01
-6.147087409295131089e-01
-6.147087409295126648e-01
-6.147087409296188021e-01
-6.147087409296183580e-01
5.742113727856064109e-01
5.742113727856064109e-01
5.742113727856095196e-01
5.742113727856057448e-01
5.742113727856065220e-01
5.742113727856060779e-01
5.742113727856068550e-01
5.742113727856070771e-01
7.037795908643676990e-01
7.037795908643678100e-01
7.037795908644550735e-01
7.037795908644551846e-01
-1.302501248596680039e+00
-1.302501248596680483e+00
-1.302501248596622752e+00
-1.302501248596623196e+00
7.037795908643678100e-01
7.037795908643678100e-01
7.037795908644552956e-01
7.037795908644554066e-01
-1.302501248596680261e+00
-1.302501248596679817e+00
-1.302501248596622752e+00
-1.302501248596622530e+00
1.654496382493615136e-01
1.654496382493614026e-01
1.654496382493614026e-01
1.654496382493616524e-01
1.654496382494330398e-01
1.654496382494329565e-01
1.654496382494329565e-01
1.654496382494330953e-01
5.033244137733204893e-01
5.033244137733203782e-01
5.033244137733198231e-01
5.033244137733208223e-01
5.033244137733844381e-01
5.033244137733842161e-01
5.033244137733837720e-01
5.033244137733846602e-01
1.654496382493615414e-01
1.654496382493616247e-01
1.654496382493617634e-01
1.654496382493613749e-01
1.654496382494331230e-01
1.654496382494331230e-01
1.654496382494332340e-01
1.654496382494329565e-01
-6.628703371244653031e-01
-6.628703371244654141e-01
-6.628703371244655251e-01
-6.628703371244649700e-01
-6.628703371244210052e-01
-6.628703371244212272e-01
-6.628703371244214493e-01
-6.628703371244206721e-01
5.033244137733207113e-01
5.033244137733211554e-01
5.033244137733210444e-01
5.033244137733209334e-01
5.033244137733847712e-01
5.033244137733852153e-01
5.033244137733849932e-01
5.033244137733849932e-01
-6.628703371244654141e-01
-6.628703371244654141e-01
-6.628703371244649700e-01
-6.628703371244660802e-01
-6.628703371244211162e-01
-6.628703371244213383e-01
-6.628703371244207831e-01
-6.628703371244218934e-01
3.136339762354922178e-01
3.136339762354915517e-01
3.136339762354916627e-01
3.136339762354923844e-01
3.136339762354367622e-01
3.136339762354359295e-01
3.136339762354360960e-01
3.136339762354369287e-01
-1.993430984143231832e-01
-1.993430984143229057e-01
-1.993430984143216012e-01
-1.993430984143245988e-01
-1.993430984144127782e-01
-1.993430984144124729e-01
-1.993430984144111129e-01
-1.993430984144141382e-01
3.136339762354918292e-01
3.136339762354923288e-01
3.136339762354938276e-01
3.136339762354913296e-01
3.136339762354362071e-01
3.136339762354367622e-01
3.136339762354383720e-01
3.136339762354357630e-01
-1.604888998861037919e-01
-1.604888998861035698e-01
-1.604888998861029314e-01
-1.604888998861048188e-01
-1.604888998860769522e-01
-1.604888998860768135e-01
-1.604888998860761196e-01
-1.604888998860779792e-01
-1.993430984143214901e-01
-1.993430984143224338e-01
-1.993430984143224616e-01
-1.993430984143199358e-01
-1.993430984144110851e-01
-1.993430984144120011e-01
-1.993430984144120566e-01
-1.993430984144094753e-01
-1.604888998861039862e-01
-1.604888998861039862e-01
-1.604888998861047911e-01
-1.604888998861026539e-01
-1.604888998860771743e-01
-1.604888998860771465e-01
-1.604888998860779514e-01
-1.604888998860758420e-01
-6.788422593342234579e-02
-6.788422593342281763e-02
-6.788422593342342826e-02
-6.788422593342162414e-02
-6.788422593347449852e-02
-6.788422593347497036e-02
-6.788422593347563649e-02
-6.788422593347374911e-02
2.272538292955943173e-01
2.272538292955951778e-01
2.272538292955945671e-01
2.272538292955950390e-01
2.272538292955700590e-01
2.272538292955708639e-01
2.272538292955702532e-01
2.272538292955707806e-01
-6.788422593342333111e-02
-6.788422593342359479e-02
-6.788422593342212374e-02
-6.788422593342428868e-02
-6.788422593347546996e-02
-6.788422593347574752e-02
-6.788422593347433198e-02
-6.788422593347648304e-02
-8.245570234253306319e-02
-8.245570234253381259e-02
-8.245570234253372932e-02
-8.245570234253163378e-02
-8.245570234253662978e-02
-8.245570234253747632e-02
-8.245570234253733755e-02
-8.245570234253520037e-02
2.272538292955948447e-01
2.272538292955942341e-01
2.272538292955953443e-01
2.272538292955946226e-01
2.272538292955705863e-01
2.272538292955698647e-01
2.272538292955709749e-01
2.272538292955703088e-01
-8.245570234253264685e-02
-8.245570234253135622e-02
-8.245570234252967701e-02
-8.245570234253246644e-02
-8.245570234253624120e-02
-8.245570234253489506e-02
-8.245570234253335462e-02
-8.245570234253611630e-02
-5.017825034090157565e-01
-5.017825034090167557e-01
-5.017825034090163117e-01
-5.017825034090158676e-01
-5.017825034089806735e-01
-5.017825034089815617e-01
-5.017825034089811176e-01
-5.017825034089806735e-01
7.999947971879742825e-01
7.999947971879743935e-01
7.999947971879745046e-01
7.999947971879741715e-01
7.999947971879884934e-01
7.999947971879886044e-01
7.999947971879886044e-01
7.999947971879884934e-01
-5.017825034090164227e-01
-5.017825034090158676e-01
-5.017825034090153125e-01
-5.017825034090165337e-01
-5.017825034089812286e-01
-5.017825034089806735e-01
-5.017825034089801184e-01
-5.017825034089814507e-01
-3.338425272807966082e-01
-3.338425272807970523e-01
-3.338425272807967747e-01
-3.338425272807965527e-01
-3.338425272807239441e-01
-3.338425272807242217e-01
-3.338425272807239996e-01
-3.338425272807238331e-01
7.999947971879747266e-01
7.999947971879746156e-01
7.999947971879746156e-01
7.999947971879746156e-01
7.999947971879888264e-01
7.999947971879888264e-01
7.999947971879888264e-01
7.999947971879887154e-01
-3.338425272807969413e-01
-3.338425272807967192e-01
-3.338425272807962196e-01
-3.338425272807968303e-01
-3.338425272807242217e-01
-3.338425272807239441e-01
-3.338425272807234445e-01
-3.338425272807239441e-01
-5.939757985987983435e-01
-5.939757985987988986e-01
-5.939757985987998978e-01
-5.939757985987965672e-01
-5.939757985988511901e-01
-5.939757985988514122e-01
-5.939757985988525224e-01
-5.939757985988493028e-01
4.280092181435624088e-01
4.280092181435621868e-01
4.280092181435626308e-01
4.280092181435618537e-01
4.280092181435116161e-01
4.280092181435114496e-01
4.280092181435117271e-01
4.280092181435110610e-01
-5.939757985987988986e-01
-5.939757985987967892e-01
-5.939757985987966782e-01
-5.939757985987987876e-01
-5.939757985988513012e-01
-5.939757985988495248e-01
-5.939757985988494138e-01
-5.939757985988511901e-01
2.296894494305610490e-01
2.296894494305610213e-01
2.296894494305592449e-01
2.296894494305628809e-01
2.296894494305836976e-01
2.296894494305836976e-01
2.296894494305818657e-01
2.296894494305854739e-01
4.280092181435624643e-01
4.280092181435621312e-01
4.280092181435610210e-01
4.280092181435623533e-01
4.280092181435115606e-01
4.280092181435112275e-01
4.280092181435102283e-01
4.280092181435115051e-01
2.296894494305612988e-01
2.296894494305614376e-01
2.296894494305626033e-01
2.296894494305593837e-01
2.296894494305838919e-01
2.296894494305841417e-01
2.296894494305853074e-01
2.296894494305820877e-01
6.232624862883275885e-01
6.232624862883276995e-01
6.232624862883278105e-01
6.232624862883275885e-01
6.232624862883855421e-01
6.232624862883856531e-01
6.232624862883857642e-01
6.232624862883855421e-01
-8.484272704194074644e-01
-8.484272704194051329e-01
-8.484272704194045778e-01
-8.484272704194089076e-01
-8.484272704193717152e-01
-8.484272704193693837e-01
-8.484272704193688286e-01
-8.484272704193731585e-01
6.232624862883274774e-01
6.232624862883276995e-01
6.232624862883280326e-01
6.232624862883276995e-01
6.232624862883853201e-01
6.232624862883855421e-01
6.232624862883859862e-01
6.232624862883854311e-01
2.461893311839270237e-01
2.461893311839273846e-01
2.461893311839284393e-01
2.461893311839272180e-01
2.461893311838867504e-01
2.461893311838870557e-01
2.461893311838881659e-01
2.461893311838870002e-01
-8.484272704194051329e-01
-8.484272704194095738e-01
-8.484272704194075754e-01
-8.484272704194064652e-01
-8.484272704193694947e-01
-8.484272704193738246e-01
-8.484272704193719372e-01
-8.484272704193707160e-01
2.461893311839271903e-01
2.461893311839258580e-01
2.461893311839271903e-01
2.461893311839267462e-01
2.461893311838869169e-01
2.461893311838855569e-01
2.461893311838869447e-01
2.461893311838863896e-01
8.367897863328789543e-02
8.367897863328696562e-02
8.367897863328706276e-02
8.367897863328814523e-02
8.367897863323818519e-02
8.367897863323746355e-02
8.367897863323736640e-02
8.367897863323854601e-02
4.214662784674426121e-01
4.214662784674433338e-01
4.214662784674438334e-01
4.214662784674427787e-01
4.214662784673627316e-01
4.214662784673636753e-01
4.214662784673640084e-01
4.214662784673630092e-01
8.367897863328570274e-02
8.367897863328616070e-02
8.367897863328681296e-02
8.367897863328514763e-02
8.367897863323610352e-02
8.367897863323635332e-02
8.367897863323708885e-02
8.367897863323557617e-02
-6.031704294114939024e-01
-6.031704294114926812e-01
-6.031704294114920151e-01
-6.031704294114936804e-01
-6.031704294114600406e-01
-6.031704294114589304e-01
-6.031704294114583753e-01
-6.031704294114598186e-01
4.214662784674427787e-01
4.214662784674426677e-01
4.214662784674427787e-01
4.214662784674430007e-01
4.214662784673629536e-01
4.214662784673628426e-01
4.214662784673628426e-01
4.214662784673631202e-01
-6.031704294114931253e-01
-6.031704294114936804e-01
-6.031704294114939024e-01
-6.031704294114927922e-01
-6.031704294114594855e-01
-6.031704294114598186e-01
-6.031704294114600406e-01
-6.031704294114590414e-01
1.071372525053546410e+00
1.071372525053546187e+00
1.071372525053545299e+00
1.071372525053547298e+00
1.071372525053546632e+00
1.071372525053546410e+00
1.071372525053545521e+00
1.071372525053547742e+00
-1.244630503973756630e+00
-1.244630503973755298e+00
-1.244630503973753965e+00
-1.244630503973757074e+00
-1.244630503973799041e+00
-1.244630503973797930e+00
-1.244630503973796376e+00
-1.244630503973799707e+00
1.071372525053547298e+00
1.071372525053548186e+00
1.071372525053548186e+00
1.071372525053547076e+00
1.071372525053547298e+00
1.071372525053547964e+00
1.071372525053547964e+00
1.071372525053547076e+00
1.177355257268840050e-01
1.177355257268851707e-01
1.177355257268854205e-01
1.177355257268832139e-01
1.177355257268781069e-01
1.177355257268794253e-01
1.177355257268795918e-01
1.177355257268772881e-01
-1.244630503973759073e+00
-1.244630503973760183e+00
-1.244630503973760183e+00
-1.244630503973758850e+00
-1.244630503973801261e+00
-1.244630503973803037e+00
-1.244630503973802815e+00
-1.244630503973801261e+00
1.177355257268861144e-01
1.177355257268845323e-01
1.177355257268832972e-01
1.177355257268856842e-01
1.177355257268802718e-01
1.177355257268786898e-01
1.177355257268774269e-01
1.177355257268797029e-01
4.525224668450943954e-01
4.525224668450936738e-01
4.525224668450938403e-01
4.525224668450942844e-01
4.525224668450957277e-01
4.525224668450950061e-01
4.525224668450951171e-01
4.525224668450956167e-01
-5.041244955908651126e-02
-5.041244955908599085e-02
-5.041244955908635167e-02
-5.041244955908585207e-02
-5.041244955908136954e-02
-5.041244955908068953e-02
-5.041244955908113362e-02
-5.041244955908055769e-02
4.525224668450938403e-01
4.525224668450944510e-01
4.525224668450945065e-01
4.525224668450937848e-01
4.525224668450951726e-01
4.525224668450957277e-01
4.525224668450957832e-01
4.525224668450951171e-01
-3.408619451959918889e-01
-3.408619451959923330e-01
-3.408619451959936097e-01
-3.408619451959919444e-01
-3.408619451960276381e-01
-3.408619451960280267e-01
-3.408619451960293589e-01
-3.408619451960276936e-01
-5.041244955908630310e-02
-5.041244955908805864e-02
-5.041244955908690678e-02
-5.041244955908705250e-02
-5.041244955908093239e-02
-5.041244955908284059e-02
-5.041244955908161934e-02
-5.041244955908176506e-02
-3.408619451959924995e-01
-3.408619451959925550e-01
-3.408619451959924440e-01
-3.408619451959934432e-01
-3.408619451960281932e-01
-3.408619451960281377e-01
-3.408619451960280822e-01
-3.408619451960291369e-01
-8.084214390305324294e-01
-8.084214390305329845e-01
-8.084214390305340947e-01
-8.084214390305312081e-01
-8.084214390305463072e-01
-8.084214390305469733e-01
-8.084214390305479725e-01
-8.084214390305453080e-01
7.106423852541031705e-01
7.106423852541036146e-01
7.106423852541031705e-01
7.106423852541031705e-01
7.106423852540662001e-01
7.106423852540663111e-01
7.106423852540659780e-01
7.106423852540660890e-01
-8.084214390305332065e-01
-8.084214390305319853e-01
-8.084214390305316522e-01
-8.084214390305336506e-01
-8.084214390305471953e-01
-8.084214390305460851e-01
-8.084214390305456410e-01
-8.084214390305478615e-01
9.237790519589889060e-02
9.237790519589872407e-02
9.237790519589858529e-02
9.237790519589897387e-02
9.237790519595931449e-02
9.237790519595914795e-02
9.237790519595903693e-02
9.237790519595934224e-02
7.106423852541035036e-01
7.106423852541035036e-01
7.106423852541037256e-01
7.106423852541039476e-01
7.106423852540663111e-01
7.106423852540664221e-01
7.106423852540665331e-01
7.106423852540667552e-01
9.237790519589879346e-02
9.237790519589898774e-02
9.237790519589879346e-02
9.237790519589855753e-02
9.237790519595925898e-02
9.237790519595943939e-02
9.237790519595916183e-02
9.237790519595893979e-02
4.554433610033123969e-01
4.554433610033111757e-01
4.554433610033110646e-01
4.554433610033123414e-01
4.554433610032862512e-01
4.554433610032849744e-01
4.554433610032849744e-01
4.554433610032860846e-01
-3.998556894336143808e-01
-3.998556894336137146e-01
-3.998556894336127154e-01
-3.998556894336169343e-01
-3.998556894336600664e-01
-3.998556894336592893e-01
-3.998556894336582901e-01
-3.998556894336626200e-01
4.554433610033125635e-01
4.554433610033135071e-01
4.554433610033136737e-01
4.554433610033121194e-01
4.554433610032864177e-01
4.554433610032872504e-01
4.554433610032873059e-01
4.554433610032859181e-01
-2.051219951502030250e-02
-2.051219951502064251e-02
-2.051219951502050026e-02
-2.051219951502029903e-02
-2.051219951503056860e-02
-2.051219951503097105e-02
-2.051219951503070391e-02
-2.051219951503059982e-02
-3.998556894336153245e-01
-3.998556894336161571e-01
-3.998556894336200984e-01
-3.998556894336146028e-01
-3.998556894336610101e-01
-3.998556894336617873e-01
-3.998556894336658951e-01
-3.998556894336602885e-01
-2.051219951502031291e-02
-2.051219951502012209e-02
-2.051219951502022271e-02
-2.051219951502019495e-02
-2.051219951503058941e-02
-2.051219951503039512e-02
-2.051219951503052349e-02
-2.051219951503044370e-02
3.236575608268287274e-01
3.236575608268286164e-01
3.236575608268281723e-01
3.236575608268287829e-01
3.236575608268122406e-01
3.236575608268118520e-01
3.236575608268116300e-01
3.236575608268121851e-01
2.016059159414501090e-01
2.016059159414494151e-01
2.016059159414498869e-01
2.016059159414499147e-01
2.016059159414629598e-01
2.016059159414622659e-01
2.016059159414627378e-01
2.016059159414627100e-01
3.236575608268288384e-01
3.236575608268289495e-01
3.236575608268291715e-01
3.236575608268287274e-01
3.236575608268122961e-01
3.236575608268122961e-01
3.236575608268126847e-01
3.236575608268121296e-01
-5.335046540683815453e-01
-5.335046540683819893e-01
-5.335046540683847649e-01
-5.335046540683811012e-01
-5.335046540683763272e-01
-5.335046540683768823e-01
-5.335046540683795468e-01
-5.335046540683759941e-01
2.016059159414496094e-01
2.016059159414500257e-01
2.016059159414495816e-01
2.016059159414495539e-01
2.016059159414624880e-01
2.016059159414629043e-01
2.016059159414625157e-01
2.016059159414624324e-01
-5.335046540683823224e-01
-5.335046540683819893e-01
-5.335046540683821004e-01
-5.335046540683830996e-01
-5.335046540683771044e-01
-5.335046540683769933e-01
-5.335046540683769933e-01
-5.335046540683779925e-01
