-1.255248947319848041e-01
-1.255248945884037959e-01
-1.255248946375623342e-01
-1.255248946828250722e-01
-1.255248949213751131e-01
-1.255248943990172616e-01
3.495571526164779286e+00
3.495571526165987208e+00
3.495571526164436893e+00
3.495571526165615062e+00
3.495571526169075405e+00
3.495571526170254906e+00
3.495571526168707699e+00
3.495571526169871657e+00
-1.419536753445539423e-01
-1.419536753241190108e-01
-1.419536753509952898e-01
-1.419536753305609134e-01
-1.419536747715570146e-01
-1.419536747511222496e-01
-1.419536747779981123e-01
-1.419536747575627644e-01
-1.419536750736138386e-01
-1.419536750531814051e-01
-1.419536751232645944e-01
-1.419536751028330490e-01
-1.419536749992773572e-01
-1.419536749788464502e-01
-1.419536750489298338e-01
-1.419536750284979831e-01
-1.419536751637522631e-01
-1.419536750062521113e-01
-1.419536751701911403e-01
-1.419536750126910163e-01
-1.419536750894211385e-01
-1.419536749319203761e-01
-1.419536750958599047e-01
-1.419536749383590868e-01
-2.069716241720776784e-01
-2.069716241267667012e-01
-2.069716241863616968e-01
-2.069716241410491375e-01
-2.069716234132976118e-01
-2.069716233679861905e-01
-2.069716234275784106e-01
-2.069716233822669893e-01
-2.069716238493600480e-01
-2.069716238040566203e-01
-2.069716239151089821e-01
-2.069716238698047217e-01
-2.069716236845336732e-01
-2.069716236392292741e-01
-2.069716237502830791e-01
-2.069716237049794572e-01
-2.069716239567246929e-01
-2.069716237481571131e-01
-2.069716239710017447e-01
-2.069716237624353861e-01
-2.069716237919075330e-01
-2.069716235833393703e-01
-2.069716238061846958e-01
-2.069716235976178376e-01
-2.824292777243694874e-01
-2.824292776642917668e-01
-2.824292777433071167e-01
-2.824292776832286744e-01
-2.824292768016957167e-01
-2.824292767416171634e-01
-2.824292768206308479e-01
-2.824292767605526278e-01
-2.824292773417895752e-01
-2.824292772817187935e-01
-2.824292774217371793e-01
-2.824292773616694507e-01
-2.824292771232427279e-01
-2.824292770631743332e-01
-2.824292772031951615e-01
-2.824292771431258786e-01
-2.824292774690672636e-01
-2.824292772154493592e-01
-2.824292774879982315e-01
-2.824292772343794389e-01
-2.824292772505346272e-01
-2.824292769969155015e-01
-2.824292772694649289e-01
-2.824292770158462473e-01
-3.555940020231234122e-01
-3.555940019598905488e-01
-3.555940020430555792e-01
-3.555940019798237151e-01
-3.555940010585335598e-01
-3.555940009953028058e-01
-3.555940010784672811e-01
-3.555940010152341957e-01
-3.555940016240056178e-01
-3.555940015607816918e-01
-3.555940017075855941e-01
-3.555940016443621676e-01
-3.555940013939841160e-01
-3.555940013307598013e-01
-3.555940014775686442e-01
-3.555940014143436079e-01
-3.555940017567876255e-01
-3.555940014916494363e-01
-3.555940017767097450e-01
-3.555940015115737762e-01
-3.555940015267769483e-01
-3.555940012616393142e-01
-3.555940015467032311e-01
-3.555940012815641538e-01
-5.656488799318840632e-01
-5.656488798748169344e-01
-5.656488799498701203e-01
-5.656488798928041017e-01
-5.656488790583815707e-01
-5.656488790013175505e-01
-5.656488790763666286e-01
-5.656488790193017202e-01
-5.656488795700633787e-01
-5.656488795130064640e-01
-5.656488796457562751e-01
-5.656488795886974730e-01
-5.656488793624806499e-01
-5.656488793054220698e-01
-5.656488794381685503e-01
-5.656488793811117466e-01
-5.656488796904328709e-01
-5.656488794503340412e-01
-5.656488797084161524e-01
-5.656488794683163235e-01
-5.656488794828625766e-01
-5.656488792427608603e-01
-5.656488795008446369e-01
-5.656488792607426985e-01
-9.689643945951520454e-01
-9.689643945600012742e-01
-9.689643946062327373e-01
-9.689643945710768591e-01
-9.689643940551190271e-01
-9.689643940199691441e-01
-9.689643940662053812e-01
-9.689643940310482817e-01
-9.689643943712090701e-01
-9.689643943360629619e-01
-9.689643944180029722e-01
-9.689643943828656347e-01
-9.689643942433322499e-01
-9.689643942081860306e-01
-9.689643942901339235e-01
-9.689643942549834854e-01
-9.689643944457058122e-01
-9.689643942972712143e-01
-9.689643944567890577e-01
-9.689643943083506850e-01
-9.689643943178437580e-01
-9.689643941694024987e-01
-9.689643943289194539e-01
-9.689643941804830796e-01
-5.270059301532320495e-01
-5.270059301410736641e-01
-5.270059301570695354e-01
-5.270059301449055988e-01
-5.270059299668148345e-01
-5.270059299546532294e-01
-5.270059299706526534e-01
-5.270059299584880508e-01
-5.270059300759899479e-01
-5.270059300638300082e-01
-5.270059300921388079e-01
-5.270059300799823099e-01
-5.270059300317480044e-01
-5.270059300195861773e-01
-5.270059300479016384e-01
-5.270059300357382570e-01
-5.270059301016968289e-01
-5.270059300504491562e-01
-5.270059301055292078e-01
-5.270059300542789815e-01
-5.270059300574561068e-01
-5.270059300062088781e-01
-5.270059300612933706e-01
-5.270059300100385924e-01
1.845353735977144138e+00
1.845353735979626153e+00
1.845353735976375642e+00
1.845353735978843890e+00
1.845353736011951185e+00
1.845353736014435420e+00
1.845353736011170476e+00
1.845353736013649160e+00
1.845353735991176025e+00
1.845353735993649824e+00
1.845353735988168209e+00
1.845353735990620248e+00
1.845353736000166167e+00
1.845353736002632861e+00
1.845353735997148137e+00
1.845353735999616829e+00
1.845353735986496213e+00
1.845353735996071887e+00
1.845353735985717725e+00
1.845353735995292954e+00
1.845353735995489242e+00
1.845353736005061585e+00
1.845353735994719191e+00
1.845353736004273992e+00
1.777637165422512711e+00
1.777637165430284494e+00
1.777637165420059562e+00
1.777637165427834898e+00
1.777637165423279653e+00
1.777637165431064981e+00
1.777637165420829612e+00
1.777637165428597843e+00
1.777637165407560227e+00
1.777637165415333564e+00
1.777637165407488506e+00
1.777637165415275611e+00
1.777637165435850042e+00
1.777637165443629819e+00
1.777637165435782984e+00
1.777637165443551215e+00
1.777637165412529141e+00
1.777637165412736531e+00
1.777637165410073994e+00
1.777637165410277831e+00
1.777637165440830502e+00
1.777637165441042555e+00
1.777637165438367806e+00
1.777637165438579858e+00
-6.680485016021362465e-01
-6.680485015556474337e-01
-6.680485016167895251e-01
-6.680485015703001572e-01
-6.680485016022691402e-01
-6.680485015557917627e-01
-6.680485016169279699e-01
-6.680485015704418217e-01
-6.680485016940977960e-01
-6.680485016476070959e-01
-6.680485016940889142e-01
-6.680485016476029880e-01
-6.680485015249835179e-01
-6.680485014784932618e-01
-6.680485015249770786e-01
-6.680485014784856013e-01
-6.680485016634939432e-01
-6.680485016635353546e-01
-6.680485016781551044e-01
-6.680485016781879670e-01
-6.680485014943816635e-01
-6.680485014944239630e-01
-6.680485015090381617e-01
-6.680485015090751322e-01
-8.924372923418016912e-01
-8.924372922036586386e-01
-8.924372923853588491e-01
-8.924372922472103564e-01
-8.924372923424801485e-01
-8.924372922043387613e-01
-8.924372923860302009e-01
-8.924372922478841508e-01
-8.924372926152586150e-01
-8.924372924770984650e-01
-8.924372926151959984e-01
-8.924372924770351823e-01
-8.924372921126676461e-01
-8.924372919745158228e-01
-8.924372921126066949e-01
-8.924372919744525401e-01
-8.924372925242781696e-01
-8.924372925244620225e-01
-8.924372925678280000e-01
-8.924372925680161828e-01
-8.924372920216840921e-01
-8.924372920218666128e-01
-8.924372920652378083e-01
-8.924372920654183305e-01
-4.817219697725231287e-01
-4.817219695696227655e-01
-4.817219698364749725e-01
-4.817219696335774959e-01
-4.817219697728647998e-01
-4.817219695699659354e-01
-4.817219698368196412e-01
-4.817219696339223867e-01
-4.817219701737761040e-01
-4.817219699708635838e-01
-4.817219701737445736e-01
-4.817219699708378267e-01
-4.817219694356196791e-01
-4.817219692327079361e-01
-4.817219694355914794e-01
-4.817219692326789593e-01
-4.817219700402825544e-01
-4.817219700403758131e-01
-4.817219701042436131e-01
-4.817219701043420899e-01
-4.817219693021110305e-01
-4.817219693022058991e-01
-4.817219693660736990e-01
-4.817219693661688451e-01
-1.848012522447207706e-01
-1.848012521863358348e-01
-1.848012523038919663e-01
-1.848012522455095563e-01
-1.848012522621685916e-01
-1.848012520744626297e-01
-1.848012522805675129e-01
-1.848012520928630220e-01
-1.848012525481598223e-01
-1.848012524897668929e-01
-1.848012518652732694e-01
-1.848012518068797294e-01
-1.848012524451701777e-01
-1.848012522574627725e-01
-1.848012522327683871e-01
-1.848012520450616480e-01
-1.848012525773598813e-01
-1.848012525957658525e-01
-1.848012518944702476e-01
-1.848012519128741649e-01
-1.848012522541374048e-01
-1.848012523133094609e-01
-1.848012520417225413e-01
-1.848012521008976228e-01
2.659572153879164944e-02
2.659572148911489367e-02
2.659572156365933374e-02
2.659572151398483311e-02
2.659572144316606560e-02
2.659572136427205621e-02
2.659572145881991881e-02
2.659572137992917071e-02
2.659572157990148025e-02
2.659572153021646373e-02
2.659572129288785558e-02
2.659572124320349479e-02
2.659572165619260645e-02
2.659572157730110201e-02
2.659572147546954146e-02
2.659572139657764150e-02
2.659572166206525951e-02
2.659572167772818879e-02
2.659572137505077788e-02
2.659572139070977628e-02
2.659572148948181197e-02
2.659572151434902790e-02
2.659572130874437654e-02
2.659572133361698745e-02
8.928958166537125374e-01
8.928958163061442299e-01
8.928958168858291966e-01
8.928958165382568923e-01
8.928958162180566926e-01
8.928958154817476789e-01
8.928958163275936277e-01
8.928958155912820605e-01
8.928958174178647234e-01
8.928958170702484543e-01
8.928958147391263811e-01
8.928958143915112222e-01
8.928958175963869204e-01
8.928958168600571454e-01
8.928958163319390406e-01
8.928958155956145948e-01
8.928958178805945778e-01
8.928958179901640424e-01
8.928958152018316996e-01
8.928958153113969454e-01
8.928958164208586901e-01
8.928958166529887830e-01
8.928958151563495260e-01
8.928958153884746229e-01
-2.015138421744086250e-01
-2.015138420779131745e-01
-2.015138422028292520e-01
-2.015138421063354113e-01
-2.015138421759171405e-01
-2.015138420857481849e-01
-2.015138422063320334e-01
-2.015138421161631332e-01
-2.015138423583140992e-01
-2.015138422618164837e-01
-2.015138420302762523e-01
-2.015138419337776376e-01
-2.015138423609757201e-01
-2.015138422708014077e-01
-2.015138420099390759e-01
-2.015138419197624320e-01
-2.015138422891868952e-01
-2.015138423196080053e-01
-2.015138419611427478e-01
-2.015138419915606383e-01
-2.015138423073532248e-01
-2.015138423357782371e-01
-2.015138419563047567e-01
-2.015138419847282425e-01
-2.212087023946265329e-01
-2.212087023769624683e-01
-2.212087024152282200e-01
-2.212087023975638223e-01
-2.212087017024071123e-01
-2.212087016847412435e-01
-2.212087017230063013e-01
-2.212087017053421534e-01
-2.212087020664079973e-01
-2.212087020487459588e-01
-2.212087021263904330e-01
-2.212087021087296990e-01
-2.212087018286501561e-01
-2.212087018109868963e-01
-2.212087018886314538e-01
-2.212087018709704977e-01
-2.212087023446970835e-01
-2.212087022793358393e-01
-2.212087023502659067e-01
-2.212087022849054951e-01
-2.212087016524802996e-01
-2.212087015871182782e-01
-2.212087016580471244e-01
-2.212087015926871014e-01
-2.212087020847957053e-01
-2.212087020194437870e-01
-2.212087021447753377e-01
-2.212087020794240855e-01
-2.212087020205360244e-01
-2.212087019551846057e-01
-2.212087020805187099e-01
-2.212087020151668471e-01
-2.212087022612108378e-01
-2.212087020709380680e-01
-2.212087022667772185e-01
-2.212087020765047818e-01
-2.212087020234643486e-01
-2.212087018331902466e-01
-2.212087020290301187e-01
-2.212087018387572379e-01
-2.212087020856548791e-01
-2.212087018953828865e-01
-2.212087021062480174e-01
-2.212087019159789392e-01
-2.212087020214001110e-01
-2.212087018311285069e-01
-2.212087020419954697e-01
-2.212087018517233661e-01
1.484608840269708296e-01
1.484608840315861100e-01
1.484608840601344404e-01
1.484608840647527739e-01
1.484608832361637987e-01
1.484608832407797452e-01
1.484608832693254943e-01
1.484608832739434947e-01
1.484608835873607868e-01
1.484608835919780934e-01
1.484608836558865275e-01
1.484608836605035842e-01
1.484608832046118154e-01
1.484608832092292885e-01
1.484608832731404426e-01
1.484608832777565002e-01
1.484608838813054610e-01
1.484608837760875710e-01
1.484608838798487651e-01
1.484608837746261012e-01
1.484608830905045918e-01
1.484608829852868683e-01
1.484608830890483677e-01
1.484608829838252875e-01
1.484608836603956428e-01
1.484608835551929351e-01
1.484608837289179972e-01
1.484608836237167606e-01
1.484608836771889040e-01
1.484608835719865294e-01
1.484608837457117025e-01
1.484608836405097165e-01
1.484608839512317202e-01
1.484608837338585730e-01
1.484608839497771338e-01
1.484608837324039865e-01
1.484608835685022610e-01
1.484608833511316395e-01
1.484608835670510052e-01
1.484608833496705860e-01
1.484608835162707086e-01
1.484608832989018912e-01
1.484608835494254653e-01
1.484608833320570642e-01
1.484608835330640531e-01
1.484608833156957630e-01
1.484608835662165338e-01
1.484608833488490764e-01
-1.035028757309160108e+00
-1.035028757303867453e+00
-1.035028757326700299e+00
-1.035028757321406978e+00
-1.035028756849008413e+00
-1.035028756843707098e+00
-1.035028756866540389e+00
-1.035028756861246624e+00
-1.035028757074655026e+00
-1.035028757069356820e+00
-1.035028757114530462e+00
-1.035028757109231146e+00
-1.035028756872241829e+00
-1.035028756866943400e+00
-1.035028756912114378e+00
-1.035028756906817504e+00
-1.035028757247804965e+00
-1.035028757192156812e+00
-1.035028757249471631e+00
-1.035028757193828586e+00
-1.035028756787656157e+00
-1.035028756732007338e+00
-1.035028756789323934e+00
-1.035028756733678001e+00
-1.035028757102719910e+00
-1.035028757047084191e+00
-1.035028757142595124e+00
-1.035028757086963180e+00
-1.035028757083448436e+00
-1.035028757027815383e+00
-1.035028757123323429e+00
-1.035028757067687266e+00
-1.035028757248821485e+00
-1.035028757122334220e+00
-1.035028757250490150e+00
-1.035028757124003107e+00
-1.035028757046411174e+00
-1.035028756919928794e+00
-1.035028757048083836e+00
-1.035028756921592130e+00
-1.035028757054851978e+00
-1.035028756928367821e+00
-1.035028757072385730e+00
-1.035028756945904238e+00
-1.035028757035577840e+00
-1.035028756909091241e+00
-1.035028757053112036e+00
-1.035028756926628990e+00
-1.828660419811163895e-01
-1.828660419553841676e-01
-1.828660419905664969e-01
-1.828660419648308610e-01
-1.828660415458407129e-01
-1.828660415201051048e-01
-1.828660415552905705e-01
-1.828660415295535191e-01
-1.828660417944381888e-01
-1.828660417687066331e-01
-1.828660418321563785e-01
-1.828660418064264048e-01
-1.828660416853946646e-01
-1.828660416596628868e-01
-1.828660417231094681e-01
-1.828660416973815206e-01
-1.828660419744819743e-01
-1.828660419445041485e-01
-1.828660419825940409e-01
-1.828660419526163816e-01
-1.828660415392066030e-01
-1.828660415092294156e-01
-1.828660415473188638e-01
-1.828660415173405662e-01
-1.828660417982676811e-01
-1.828660417682953232e-01
-1.828660418359840667e-01
-1.828660418060095438e-01
-1.828660417046561459e-01
-1.828660416746834549e-01
-1.828660417423758899e-01
-1.828660417124000070e-01
-1.828660418656250231e-01
-1.828660417459785636e-01
-1.828660418737343973e-01
-1.828660417540866889e-01
-1.828660417565853291e-01
-1.828660416369365938e-01
-1.828660417646910119e-01
-1.828660416450469672e-01
-1.828660418478123550e-01
-1.828660417281670059e-01
-1.828660418572588542e-01
-1.828660417376113123e-01
-1.828660417542072314e-01
-1.828660416345609385e-01
-1.828660417636542024e-01
-1.828660416440065772e-01
-6.724800944016133819e-01
-6.724800943872079051e-01
-6.724800944247877332e-01
-6.724800944103782596e-01
-6.724800937309334259e-01
-6.724800937165237302e-01
-6.724800937541055568e-01
-6.724800937396954170e-01
-6.724800940668452798e-01
-6.724800940524406911e-01
-6.724800941249600150e-01
-6.724800941105529839e-01
-6.724800937993924421e-01
-6.724800937849902960e-01
-6.724800938575091758e-01
-6.724800938431046982e-01
-6.724800943248063767e-01
-6.724800942512858537e-01
-6.724800943293509636e-01
-6.724800942558288863e-01
-6.724800936541294183e-01
-6.724800935806071189e-01
-6.724800936586737832e-01
-6.724800935851500405e-01
-6.724800941045597780e-01
-6.724800940310469155e-01
-6.724800941626691841e-01
-6.724800940891574319e-01
-6.724800940521487025e-01
-6.724800939786359510e-01
-6.724800941102656582e-01
-6.724800940367499091e-01
-6.724800942942854576e-01
-6.724800941099288165e-01
-6.724800942988253816e-01
-6.724800941144658539e-01
-6.724800940268453875e-01
-6.724800938424871921e-01
-6.724800940313867548e-01
-6.724800938470336664e-01
-6.724800940617705614e-01
-6.724800938774143644e-01
-6.724800940849340325e-01
-6.724800939005872724e-01
-6.724800940093628165e-01
-6.724800938250089510e-01
-6.724800940325296184e-01
-6.724800938481764190e-01
-5.294135610530955605e-01
-5.294135610531219838e-01
-5.294135610891932409e-01
-5.294135610892175547e-01
-5.294135604733721800e-01
-5.294135604733949396e-01
-5.294135605094728581e-01
-5.294135605094933972e-01
-5.294135608826446848e-01
-5.294135608826643358e-01
-5.294135609328789460e-01
-5.294135609328995962e-01
-5.294135604660574757e-01
-5.294135604660766825e-01
-5.294135605162924030e-01
-5.294135605163130531e-01
-5.294135610465992015e-01
-5.294135609320871350e-01
-5.294135610465957598e-01
-5.294135609320784752e-01
-5.294135604668834816e-01
-5.294135603523698608e-01
-5.294135604668800399e-01
-5.294135603523653089e-01
-5.294135608133919702e-01
-5.294135606988903398e-01
-5.294135608636231227e-01
-5.294135607491174955e-01
-5.294135608134653559e-01
-5.294135606989595066e-01
-5.294135608636986179e-01
-5.294135607491923246e-01
-5.294135610692625171e-01
-5.294135609099097639e-01
-5.294135610692555227e-01
-5.294135609099019923e-01
-5.294135606526901849e-01
-5.294135604933363215e-01
-5.294135606526820803e-01
-5.294135604933315475e-01
-5.294135607610722660e-01
-5.294135606017198459e-01
-5.294135607971601765e-01
-5.294135606378123082e-01
-5.294135607611433203e-01
-5.294135606017936757e-01
-5.294135607972354496e-01
-5.294135606378870262e-01
4.224258341074169643e-01
4.224258341130051608e-01
4.224258341717445076e-01
4.224258341773403092e-01
4.224258326044771916e-01
4.224258326100695515e-01
4.224258326687993503e-01
4.224258326743928760e-01
4.224258332845994834e-01
4.224258332901930646e-01
4.224258334148303651e-01
4.224258334204222809e-01
4.224258325422093341e-01
4.224258325478011389e-01
4.224258326724494306e-01
4.224258326780380157e-01
4.224258338357179121e-01
4.224258336316329965e-01
4.224258338339532681e-01
4.224258336298704064e-01
4.224258323327893527e-01
4.224258321287082119e-01
4.224258323310247087e-01
4.224258321269420691e-01
4.224258334176459462e-01
4.224258332135926164e-01
4.224258335478752735e-01
4.224258333438241086e-01
4.224258334379846769e-01
4.224258332339326794e-01
4.224258335682102294e-01
4.224258333641589536e-01
4.224258339695179387e-01
4.224258335563974009e-01
4.224258339677545715e-01
4.224258335546384746e-01
4.224258332271697558e-01
4.224258328140578778e-01
4.224258332254137716e-01
4.224258328122900141e-01
4.224258331455518212e-01
4.224258327324395546e-01
4.224258332098578816e-01
4.224258327967526649e-01
4.224258331658901633e-01
4.224258327527817269e-01
4.224258332301934482e-01
4.224258328170870658e-01
2.565107486987719954e-01
2.565107486993444819e-01
2.565107487314738921e-01
2.565107487320492652e-01
2.565107477925535617e-01
2.565107477931244939e-01
2.565107478252542927e-01
2.565107478258278895e-01
2.565107481606905271e-01
2.565107481612624030e-01
2.565107482392189331e-01
2.565107482397928629e-01
2.565107477832626603e-01
2.565107477838366457e-01
2.565107478617905112e-01
2.565107478623635529e-01
2.565107485166063794e-01
2.565107484128492654e-01
2.565107485164250245e-01
2.565107484126686876e-01
2.565107476104001027e-01
2.565107475066419895e-01
2.565107476102194695e-01
2.565107475064604681e-01
2.565107482738647748e-01
2.565107481701220937e-01
2.565107483523877407e-01
2.565107482486462254e-01
2.565107482759512170e-01
2.565107481722075367e-01
2.565107483544737943e-01
2.565107482507309467e-01
2.565107485756645822e-01
2.565107483265678945e-01
2.565107485754825056e-01
2.565107483263850963e-01
2.565107481982468740e-01
2.565107479491525178e-01
2.565107481980676840e-01
2.565107479489715514e-01
2.565107481186815197e-01
2.565107478695899390e-01
2.565107481513746457e-01
2.565107479022833981e-01
2.565107481207669626e-01
2.565107478716752154e-01
2.565107481534606437e-01
2.565107479043687300e-01
-1.028746248782578032e+00
-1.028746248782392181e+00
-1.028746248806438945e+00
-1.028746248806250430e+00
-1.028746248309110989e+00
-1.028746248308931799e+00
-1.028746248332973456e+00
-1.028746248332786717e+00
-1.028746248580434397e+00
-1.028746248580249434e+00
-1.028746248621464909e+00
-1.028746248621281278e+00
-1.028746248305096866e+00
-1.028746248304919897e+00
-1.028746248346129155e+00
-1.028746248345948855e+00
-1.028746248737737901e+00
-1.028746248662051999e+00
-1.028746248737797409e+00
-1.028746248662108398e+00
-1.028746248264279517e+00
-1.028746248188590284e+00
-1.028746248264337471e+00
-1.028746248188642465e+00
-1.028746248575348465e+00
-1.028746248499663896e+00
-1.028746248616375203e+00
-1.028746248540694852e+00
-1.028746248574672562e+00
-1.028746248498995541e+00
-1.028746248615696190e+00
-1.028746248540017616e+00
-1.028746248760384896e+00
-1.028746248630248328e+00
-1.028746248760441073e+00
-1.028746248630303617e+00
-1.028746248485063797e+00
-1.028746248354921899e+00
-1.028746248485122639e+00
-1.028746248354981185e+00
-1.028746248516670514e+00
-1.028746248386534612e+00
-1.028746248540520325e+00
-1.028746248410384423e+00
-1.028746248515991724e+00
-1.028746248385857154e+00
-1.028746248539844199e+00
-1.028746248409714736e+00
-2.661557729273322237e-01
-2.661557729035562425e-01
-2.661557729383449700e-01
-2.661557729145669904e-01
-2.661557724787903534e-01
-2.661557724550133730e-01
-2.661557724898027666e-01
-2.661557724660257862e-01
-2.661557727279841856e-01
-2.661557727042099253e-01
-2.661557727668527051e-01
-2.661557727430794995e-01
-2.661557726009070590e-01
-2.661557725771314109e-01
-2.661557726397726920e-01
-2.661557726160002080e-01
-2.661557729099834346e-01
-2.661557728750513774e-01
-2.661557729174799936e-01
-2.661557728825465485e-01
-2.661557724614436737e-01
-2.661557724265084524e-01
-2.661557724689379012e-01
-2.661557724340050668e-01
-2.661557727379526561e-01
-2.661557727030232634e-01
-2.661557727768190662e-01
-2.661557727418893404e-01
-2.661557726514601763e-01
-2.661557726165291182e-01
-2.661557726903276411e-01
-2.661557726553964165e-01
-2.661557728181135896e-01
-2.661557726948235447e-01
-2.661557728256074840e-01
-2.661557727023146636e-01
-2.661557726910440125e-01
-2.661557725677496933e-01
-2.661557726985336880e-01
-2.661557725752431991e-01
-2.661557727713765309e-01
-2.661557726480838770e-01
-2.661557727823842256e-01
-2.661557726590921824e-01
-2.661557726848882144e-01
-2.661557725615961711e-01
-2.661557726958969083e-01
-2.661557725726034218e-01
-6.088061872582197775e-01
-6.088061872565827537e-01
-6.088061872789078954e-01
-6.088061872772710936e-01
-6.088061867906676694e-01
-6.088061867890315337e-01
-6.088061868113496811e-01
-6.088061868097192075e-01
-6.088061870290537581e-01
-6.088061870274202869e-01
-6.088061870695703481e-01
-6.088061870679354337e-01
-6.088061867903167279e-01
-6.088061867886808143e-01
-6.088061868308336511e-01
-6.088061868291954060e-01
-6.088061871954573157e-01
-6.088061871298268146e-01
-6.088061871959724591e-01
-6.088061871303442896e-01
-6.088061867279110917e-01
-6.088061866622803686e-01
-6.088061867284262352e-01
-6.088061866627951790e-01
-6.088061870494946293e-01
-6.088061869838758966e-01
-6.088061870900108863e-01
-6.088061870243908213e-01
-6.088061870435472756e-01
-6.088061869779274327e-01
-6.088061870840645318e-01
-6.088061870184382496e-01
-6.088061872173300415e-01
-6.088061870888128446e-01
-6.088061872178434086e-01
-6.088061870893266558e-01
-6.088061869786006719e-01
-6.088061868500868057e-01
-6.088061869791160374e-01
-6.088061868506059460e-01
-6.088061869860169617e-01
-6.088061868574992097e-01
-6.088061870066944214e-01
-6.088061868781805552e-01
-6.088061869800626136e-01
-6.088061868515489694e-01
-6.088061870007452914e-01
-6.088061868722318692e-01
-1.377417142160549945e-01
-1.377417142149675866e-01
-1.377417142224011404e-01
-1.377417142213143986e-01
-1.377417140724383759e-01
-1.377417140713515231e-01
-1.377417140787841887e-01
-1.377417140776972804e-01
-1.377417141504921616e-01
-1.377417141494057251e-01
-1.377417141629354025e-01
-1.377417141618497154e-01
-1.377417140772713988e-01
-1.377417140761868497e-01
-1.377417140897161940e-01
-1.377417140886298963e-01
-1.377417142012743734e-01
-1.377417141811436152e-01
-1.377417142016179874e-01
-1.377417141814856749e-01
-1.377417140576591981e-01
-1.377417140375264137e-01
-1.377417140580012023e-01
-1.377417140378711657e-01
-1.377417141526763034e-01
-1.377417141325459893e-01
-1.377417141651195720e-01
-1.377417141449899241e-01
-1.377417141487464192e-01
-1.377417141286155777e-01
-1.377417141611895490e-01
-1.377417141410599288e-01
-1.377417142030412378e-01
-1.377417141635684239e-01
-1.377417142033840469e-01
-1.377417141639112608e-01
-1.377417141298226677e-01
-1.377417140903520743e-01
-1.377417141301657821e-01
-1.377417140906951887e-01
-1.377417141380938015e-01
-1.377417140986197663e-01
-1.377417141444377546e-01
-1.377417141049634142e-01
-1.377417141341648332e-01
-1.377417140946897989e-01
-1.377417141405090362e-01
-1.377417141010333357e-01
