-7.150319007203653938e-03
-7.150319007203659143e-03
-7.150319007203660877e-03
-7.150319007203658275e-03
-1.126701836723374532e-02
-1.126701836723446870e-02
-8.070450741222388868e-03
-8.070450741222373256e-03
-8.070450741222394073e-03
-8.070450741222374991e-03
-8.070450741220829352e-03
-8.070450741220841495e-03
-8.070450741220832822e-03
-8.070450741220846699e-03
-1.101422092900545061e-02
-1.101422092900545061e-02
-1.101422092900545061e-02
-1.101422092900545234e-02
-1.101422092900622429e-02
-1.101422092900622776e-02
-1.101422092900622082e-02
-1.101422092900622950e-02
-7.736288336960026740e-03
-7.736288336960038883e-03
-7.736288336960020669e-03
-7.736288336960031944e-03
-7.736288336959242645e-03
-7.736288336959244380e-03
-7.736288336959238308e-03
-7.736288336959246115e-03
-7.736288336960062302e-03
-7.736288336960079649e-03
-7.736288336960058833e-03
-7.736288336960080517e-03
-7.736288336959227900e-03
-7.736288336959235706e-03
-7.736288336959224431e-03
-7.736288336959239176e-03
-9.870220200573957478e-03
-9.870220200573952274e-03
-9.870220200573955743e-03
-9.870220200573950539e-03
-9.870220200574974026e-03
-9.870220200574974026e-03
-9.870220200574972291e-03
-9.870220200574974026e-03
-1.095829726797063926e-02
-1.095829726797064273e-02
-1.095829726797063752e-02
-1.095829726797064620e-02
-1.095829726796704665e-02
-1.095829726796706052e-02
-1.095829726796706573e-02
-1.095829726796707961e-02
-1.095829726797103651e-02
-1.095829726797103304e-02
-1.095829726797103998e-02
-1.095829726797102957e-02
-1.095829726796728604e-02
-1.095829726796725481e-02
-1.095829726796728430e-02
-1.095829726796725828e-02
-8.111776000728944044e-03
-8.111776000728945779e-03
-8.111776000728942310e-03
-8.111776000728942310e-03
-8.111776000730137534e-03
-8.111776000730137534e-03
-8.111776000730135799e-03
-8.111776000730135799e-03
-1.871144276284167351e-02
-1.871144276284168392e-02
-1.871144276284169086e-02
-1.871144276284169780e-02
-1.871144276283010291e-02
-1.871144276283015148e-02
-1.871144276283016883e-02
-1.871144276283021046e-02
-1.871144276284270047e-02
-1.871144276284270047e-02
-1.871144276284270047e-02
-1.871144276284269353e-02
-1.871144276283088353e-02
-1.871144276283081415e-02
-1.871144276283088353e-02
-1.871144276283080721e-02
-7.114141522603010387e-03
-7.114141522603010387e-03
-7.114141522603006050e-03
-7.114141522603003448e-03
-7.114141522603540345e-03
-7.114141522603554223e-03
-7.114141522603536875e-03
-7.114141522603546416e-03
-3.026974459894760452e-02
-3.026974459894745187e-02
-3.026974459894763575e-02
-3.026974459894749003e-02
-3.026974459892310329e-02
-3.026974459892309635e-02
-3.026974459892324901e-02
-3.026974459892323166e-02
-3.026974459894945027e-02
-3.026974459894953354e-02
-3.026974459894945721e-02
-3.026974459894952313e-02
-3.026974459892469577e-02
-3.026974459892464026e-02
-3.026974459892470617e-02
-3.026974459892463679e-02
-8.387664069929723007e-03
-8.387664069929719537e-03
-8.387664069929728211e-03
-8.387664069929714333e-03
-8.387664069927759300e-03
-8.387664069927755831e-03
-8.387664069927755831e-03
-8.387664069927747157e-03
-3.945998471319903111e-02
-3.945998471319880213e-02
-3.945998471319910050e-02
-3.945998471319885070e-02
-3.945998471316385092e-02
-3.945998471316385092e-02
-3.945998471316404521e-02
-3.945998471316405909e-02
-3.945998471320145279e-02
-3.945998471320156381e-02
-3.945998471320146667e-02
-3.945998471320149442e-02
-3.945998471316612688e-02
-3.945998471316604361e-02
-3.945998471316613382e-02
-3.945998471316603667e-02
-1.146674455564742137e-02
-1.146674455564740749e-02
-1.146674455564742658e-02
-1.146674455564740749e-02
-1.146674455564142617e-02
-1.146674455564142617e-02
-1.146674455564143658e-02
-1.146674455564143137e-02
-3.883749447136708444e-02
-3.883749447136694566e-02
-3.883749447136713995e-02
-3.883749447136699423e-02
-3.883749447133260507e-02
-3.883749447133267446e-02
-3.883749447133280630e-02
-3.883749447133287569e-02
-3.883749447136927019e-02
-3.883749447136939509e-02
-3.883749447136927713e-02
-3.883749447136931876e-02
-3.883749447133486021e-02
-3.883749447133479776e-02
-3.883749447133486021e-02
-3.883749447133472144e-02
-1.323473066645572231e-02
-1.323473066645568415e-02
-1.323473066645573099e-02
-1.323473066645567200e-02
-1.323473066644746503e-02
-1.323473066644745288e-02
-1.323473066644748411e-02
-1.323473066644745809e-02
-2.776458255327063016e-02
-2.776458255327045668e-02
-2.776458255327065791e-02
-2.776458255327048791e-02
-2.776458255324884203e-02
-2.776458255324886285e-02
-2.776458255324897387e-02
-2.776458255324899468e-02
-2.776458255327197630e-02
-2.776458255327202140e-02
-2.776458255327198671e-02
-2.776458255327202140e-02
-2.776458255325037899e-02
-2.776458255325029226e-02
-2.776458255325037552e-02
-2.776458255325024368e-02
-1.140905857491863150e-02
-1.140905857491861242e-02
-1.140905857491864017e-02
-1.140905857491860027e-02
-1.140905857491272823e-02
-1.140905857491272997e-02
-1.140905857491275599e-02
-1.140905857491274558e-02
-1.423116453231094980e-02
-1.423116453231084051e-02
-1.423116453231096194e-02
-1.423116453231085266e-02
-1.423116453230371253e-02
-1.423116453230372988e-02
-1.423116453230375937e-02
-1.423116453230377325e-02
-1.423116453231145460e-02
-1.423116453231145460e-02
-1.423116453231144940e-02
-1.423116453231141817e-02
-1.423116453230436479e-02
-1.423116453230431101e-02
-1.423116453230435959e-02
-1.423116453230426764e-02
-6.974834661125465206e-03
-6.974834661125469543e-03
-6.974834661125465206e-03
-6.974834661125475614e-03
-6.974834661126709003e-03
-6.974834661126703798e-03
-6.974834661126705533e-03
-6.974834661126696859e-03
-2.621645065728717486e-02
-2.621645065728723731e-02
-2.621645065728717139e-02
-2.621645065728718180e-02
-2.621645065726569204e-02
-2.621645065726565735e-02
-2.621645065726569204e-02
-2.621645065726560531e-02
-2.621645065728596749e-02
-2.621645065728583565e-02
-2.621645065728600912e-02
-2.621645065728586688e-02
-2.621645065726400242e-02
-2.621645065726404059e-02
-2.621645065726413773e-02
-2.621645065726418630e-02
-8.728073511808789181e-03
-8.728073511808697241e-03
-8.728073511808782242e-03
-8.728073511808697241e-03
-8.728073511810031243e-03
-8.728073511809925425e-03
-8.728073511810022569e-03
-8.728073511809915017e-03
-1.022540926825789981e-01
-1.022540926825796642e-01
-1.022540926825790120e-01
-1.022540926825793034e-01
-1.022540926824642843e-01
-1.022540926824643953e-01
-1.022540926824642982e-01
-1.022540926824640345e-01
-1.022540926825724200e-01
-1.022540926825721563e-01
-1.022540926825725588e-01
-1.022540926825723090e-01
-1.022540926824561935e-01
-1.022540926824562074e-01
-1.022540926824568180e-01
-1.022540926824568874e-01
-1.110632039355916555e-02
-1.110632039355907534e-02
-1.110632039355916555e-02
-1.110632039355907708e-02
-1.110632039355970505e-02
-1.110632039355961311e-02
-1.110632039355970505e-02
-1.110632039355960790e-02
-1.023941860504504753e-01
-1.023941860504508222e-01
-1.023941860504504753e-01
-1.023941860504508222e-01
-1.023941860503269352e-01
-1.023941860503266021e-01
-1.023941860503269491e-01
-1.023941860503266021e-01
-1.023941860504425372e-01
-1.023941860504431756e-01
-1.023941860504427037e-01
-1.023941860504433421e-01
-1.023941860503194690e-01
-1.023941860503194690e-01
-1.023941860503201767e-01
-1.023941860503201629e-01
-1.239634903752553224e-02
-1.239634903752561204e-02
-1.239634903752552877e-02
-1.239634903752561204e-02
-1.239634903752558429e-02
-1.239634903752566755e-02
-1.239634903752558255e-02
-1.239634903752566408e-02
2.616251434374206597e-01
2.616251434374210483e-01
2.616251434374207152e-01
2.616251434374209928e-01
2.616251434370686635e-01
2.616251434370674422e-01
2.616251434370686080e-01
2.616251434370674978e-01
2.616251434373990103e-01
2.616251434373980111e-01
2.616251434373993989e-01
2.616251434373985107e-01
2.616251434370348017e-01
2.616251434370347462e-01
2.616251434370368556e-01
2.616251434370369666e-01
-7.300451201598834317e-03
-7.300451201598869011e-03
-7.300451201598830847e-03
-7.300451201598864674e-03
-7.300451201598723294e-03
-7.300451201598717223e-03
-7.300451201598719825e-03
-7.300451201598715488e-03
-1.030604690835130489e-02
-1.030604690835130489e-02
-1.030604690835224685e-02
-1.030604690835224858e-02
-1.372301882585679790e-02
-1.372301882585683086e-02
-1.372301882585013136e-02
-1.372301882585012615e-02
-1.030604690835132224e-02
-1.030604690835132398e-02
-1.030604690835227287e-02
-1.030604690835226073e-02
-1.372301882585613524e-02
-1.372301882585614391e-02
-1.372301882584967339e-02
-1.372301882584971155e-02
-8.387625143516690834e-03
-8.387625143516676957e-03
-8.387625143516685630e-03
-8.387625143516673487e-03
-8.387625143516558995e-03
-8.387625143516676957e-03
-8.387625143516562465e-03
-8.387625143516673487e-03
-1.207413713515869715e-02
-1.207413713515870408e-02
-1.207413713515554342e-02
-1.207413713515554168e-02
-8.757089685878424734e-02
-8.757089685878455265e-02
-8.757089685868875428e-02
-8.757089685868854612e-02
-1.207413713515851673e-02
-1.207413713515852020e-02
-1.207413713515511494e-02
-1.207413713515513749e-02
-8.757089685877784968e-02
-8.757089685877797458e-02
-8.757089685868256479e-02
-8.757089685868316153e-02
-1.065615928385928515e-02
-1.065615928385929730e-02
-1.065615928385928515e-02
-1.065615928385929730e-02
-1.065615928385923832e-02
-1.065615928385923658e-02
-1.065615928385923658e-02
-1.065615928385924178e-02
-8.182618600437518985e-02
-8.182618600437535639e-02
-8.182618600428791245e-02
-8.182618600428767652e-02
-1.771686879470830978e-02
-1.771686879470811896e-02
-1.771686879469962922e-02
-1.771686879469953901e-02
-8.182618600437036038e-02
-8.182618600437048528e-02
-8.182618600428101518e-02
-8.182618600428155642e-02
-1.771686879471275067e-02
-1.771686879471276801e-02
-1.771686879469872022e-02
-1.771686879469882778e-02
-1.233156266632589974e-02
-1.233156266632589107e-02
-1.233156266632589974e-02
-1.233156266632588934e-02
-1.233156266632579219e-02
-1.233156266632587719e-02
-1.233156266632579219e-02
-1.233156266632587719e-02
-2.276018547760914196e-02
-2.276018547760944380e-02
-2.276018547758858201e-02
-2.276018547758870345e-02
6.195908277096128236e-01
6.195908277096149330e-01
6.195908277087812666e-01
6.195908277087794902e-01
-2.276018547760820521e-02
-2.276018547760822949e-02
-2.276018547759088226e-02
-2.276018547759100716e-02
6.195908277095653061e-01
6.195908277095664163e-01
6.195908277087256444e-01
6.195908277087305294e-01
-9.203236557125338974e-03
-9.203236557125337239e-03
-9.203236557125338974e-03
-9.203236557125338974e-03
-9.203236557126230621e-03
-9.203236557126216744e-03
-9.203236557126227152e-03
-9.203236557126213274e-03
-3.253287927345562686e-02
-3.253287927345559910e-02
-3.253287927345565461e-02
-3.253287927345564073e-02
-3.253287927342805169e-02
-3.253287927342806557e-02
-3.253287927342820435e-02
-3.253287927342822516e-02
-9.203236557125338974e-03
-9.203236557125340708e-03
-9.203236557125342443e-03
-9.203236557125340708e-03
-9.203236557126242764e-03
-9.203236557126247969e-03
-9.203236557126244499e-03
-9.203236557126249703e-03
-8.230255248147664432e-03
-8.230255248147699126e-03
-8.230255248147659228e-03
-8.230255248147695657e-03
-8.230255248147201261e-03
-8.230255248147239425e-03
-8.230255248147201261e-03
-8.230255248147234221e-03
-3.253287927345784730e-02
-3.253287927345794445e-02
-3.253287927345785424e-02
-3.253287927345794445e-02
-3.253287927342986968e-02
-3.253287927342981417e-02
-3.253287927342986968e-02
-3.253287927342981417e-02
-8.230255248147624533e-03
-8.230255248147655758e-03
-8.230255248147624533e-03
-8.230255248147655758e-03
-8.230255248147126668e-03
-8.230255248147152689e-03
-8.230255248147130137e-03
-8.230255248147154423e-03
-6.252697760185943476e-02
-6.252697760185933762e-02
-6.252697760185951803e-02
-6.252697760185940701e-02
-6.252697760179419528e-02
-6.252697760179412589e-02
-6.252697760179456998e-02
-6.252697760179452835e-02
-1.112021485523031344e-01
-1.112021485523033565e-01
-1.112021485523033149e-01
-1.112021485523035508e-01
-1.112021485521693803e-01
-1.112021485521693387e-01
-1.112021485521701575e-01
-1.112021485521701158e-01
-6.252697760186294584e-02
-6.252697760186304299e-02
-6.252697760186294584e-02
-6.252697760186305687e-02
-6.252697760179939945e-02
-6.252697760179920516e-02
-6.252697760179939945e-02
-6.252697760179923292e-02
-9.866875335667100663e-03
-9.866875335667109337e-03
-9.866875335667091990e-03
-9.866875335667111072e-03
-9.866875335667739041e-03
-9.866875335667745980e-03
-9.866875335667737307e-03
-9.866875335667745980e-03
-1.112021485523089076e-01
-1.112021485523090741e-01
-1.112021485523088937e-01
-1.112021485523090464e-01
-1.112021485521783176e-01
-1.112021485521778735e-01
-1.112021485521783176e-01
-1.112021485521779152e-01
-9.866875335667069438e-03
-9.866875335667053826e-03
-9.866875335667067703e-03
-9.866875335667055560e-03
-9.866875335667706082e-03
-9.866875335667693939e-03
-9.866875335667711286e-03
-9.866875335667695673e-03
-3.696292738652075943e-02
-3.696292738652058596e-02
-3.696292738652080107e-02
-3.696292738652063453e-02
-3.696292738648532250e-02
-3.696292738648531556e-02
-3.696292738648552373e-02
-3.696292738648553067e-02
-1.023421079850044685e-01
-1.023421079850038301e-01
-1.023421079850046073e-01
-1.023421079850040383e-01
-1.023421079848894077e-01
-1.023421079848892273e-01
-1.023421079848900739e-01
-1.023421079848898796e-01
-3.696292738652248722e-02
-3.696292738652255661e-02
-3.696292738652249416e-02
-3.696292738652255661e-02
-3.696292738648817439e-02
-3.696292738648808418e-02
-3.696292738648816745e-02
-3.696292738648799397e-02
-1.165013501449664764e-02
-1.165013501449661294e-02
-1.165013501449664764e-02
-1.165013501449661121e-02
-1.165013501449383565e-02
-1.165013501449383912e-02
-1.165013501449385473e-02
-1.165013501449386341e-02
-1.023421079850112408e-01
-1.023421079850115462e-01
-1.023421079850112547e-01
-1.023421079850115323e-01
-1.023421079848972071e-01
-1.023421079848970822e-01
-1.023421079848972071e-01
-1.023421079848968879e-01
-1.165013501449685580e-02
-1.165013501449688182e-02
-1.165013501449685580e-02
-1.165013501449687662e-02
-1.165013501449402300e-02
-1.165013501449402300e-02
-1.165013501449402300e-02
-1.165013501449402127e-02
-9.803177051620499266e-03
-9.803177051620525287e-03
-9.803177051620497531e-03
-9.803177051620525287e-03
-9.803177051618990057e-03
-9.803177051618986587e-03
-9.803177051619002200e-03
-9.803177051618998730e-03
-6.715015166663526602e-02
-6.715015166663493296e-02
-6.715015166663536317e-02
-6.715015166663503010e-02
-6.715015166656584933e-02
-6.715015166656577994e-02
-6.715015166656626566e-02
-6.715015166656619627e-02
-9.803177051620632840e-03
-9.803177051620639779e-03
-9.803177051620629370e-03
-9.803177051620629370e-03
-9.803177051619310980e-03
-9.803177051619312715e-03
-9.803177051619304042e-03
-9.803177051619300572e-03
-1.009876809909678735e-02
-1.009876809909677001e-02
-1.009876809909678735e-02
-1.009876809909677001e-02
-1.009876809909516192e-02
-1.009876809909515498e-02
-1.009876809909516365e-02
-1.009876809909515845e-02
-6.715015166664005386e-02
-6.715015166664026203e-02
-6.715015166664003998e-02
-6.715015166664024815e-02
-6.715015166657037349e-02
-6.715015166657020695e-02
-6.715015166657035961e-02
-6.715015166657019308e-02
-1.009876809909692613e-02
-1.009876809909692093e-02
-1.009876809909692613e-02
-1.009876809909690185e-02
-1.009876809909523478e-02
-1.009876809909521049e-02
-1.009876809909524172e-02
-1.009876809909519661e-02
-2.686837579342070403e-02
-2.686837579342060689e-02
-2.686837579342072832e-02
-2.686837579342064158e-02
-2.686837579339756629e-02
-2.686837579339759058e-02
-2.686837579339770160e-02
-2.686837579339773283e-02
-1.140540662476484529e-01
-1.140540662476483141e-01
-1.140540662476486472e-01
-1.140540662476484807e-01
-1.140540662475181960e-01
-1.140540662475182376e-01
-1.140540662475188899e-01
-1.140540662475189593e-01
-2.686837579342193222e-02
-2.686837579342195650e-02
-2.686837579342194263e-02
-2.686837579342191487e-02
-2.686837579339967919e-02
-2.686837579339962020e-02
-2.686837579339967919e-02
-2.686837579339956122e-02
-1.279089983310198811e-02
-1.279089983310196903e-02
-1.279089983310199505e-02
-1.279089983310197597e-02
-1.279089983309809365e-02
-1.279089983309811100e-02
-1.279089983309811100e-02
-1.279089983309813529e-02
-1.140540662476562106e-01
-1.140540662476565437e-01
-1.140540662476562245e-01
-1.140540662476565437e-01
-1.140540662475268141e-01
-1.140540662475265504e-01
-1.140540662475268280e-01
-1.140540662475265365e-01
-1.279089983310231771e-02
-1.279089983310228648e-02
-1.279089983310231597e-02
-1.279089983310227954e-02
-1.279089983309834519e-02
-1.279089983309830182e-02
-1.279089983309834866e-02
-1.279089983309829662e-02
-1.119663124565395546e-01
-1.119663124565398737e-01
-1.119663124565397211e-01
-1.119663124565400680e-01
-1.119663124564078127e-01
-1.119663124564078405e-01
-1.119663124564086315e-01
-1.119663124564086315e-01
1.694892667386490859e-01
1.694892667386446172e-01
1.694892667386493912e-01
1.694892667386448948e-01
1.694892667384161888e-01
1.694892667384162444e-01
1.694892667384176044e-01
1.694892667384176599e-01
-1.119663124565477008e-01
-1.119663124565478673e-01
-1.119663124565477147e-01
-1.119663124565480894e-01
-1.119663124564152235e-01
-1.119663124564149598e-01
-1.119663124564152096e-01
-1.119663124564149737e-01
-1.158600089662508749e-02
-1.158600089662511004e-02
-1.158600089662508749e-02
-1.158600089662511004e-02
-1.158600089662542923e-02
-1.158600089662544137e-02
-1.158600089662542923e-02
-1.158600089662543790e-02
1.694892667386579677e-01
1.694892667386586060e-01
1.694892667386580232e-01
1.694892667386585228e-01
1.694892667384313711e-01
1.694892667384307883e-01
1.694892667384313156e-01
1.694892667384307605e-01
-1.158600089662508055e-02
-1.158600089662505973e-02
-1.158600089662507882e-02
-1.158600089662506494e-02
-1.158600089662541709e-02
-1.158600089662539280e-02
-1.158600089662541535e-02
-1.158600089662539974e-02
-2.787806085023479541e-02
-2.787806085023476418e-02
-2.787806085023483010e-02
-2.787806085023481276e-02
-2.787806085021222319e-02
-2.787806085021222666e-02
-2.787806085021236543e-02
-2.787806085021236890e-02
-1.357668246966994563e-01
-1.357668246966994008e-01
-1.357668246966996506e-01
-1.357668246966996506e-01
-1.357668246965384462e-01
-1.357668246965384462e-01
-1.357668246965393899e-01
-1.357668246965393621e-01
-2.787806085023605829e-02
-2.787806085023608604e-02
-2.787806085023606176e-02
-2.787806085023608604e-02
-2.787806085021427363e-02
-2.787806085021416955e-02
-2.787806085021427710e-02
-2.787806085021417302e-02
-9.344694011875835996e-03
-9.344694011875862016e-03
-9.344694011875834261e-03
-9.344694011875856812e-03
-9.344694011876222839e-03
-9.344694011876238451e-03
-9.344694011876224574e-03
-9.344694011876226308e-03
-1.357668246967081715e-01
-1.357668246967085879e-01
-1.357668246967081715e-01
-1.357668246967085879e-01
-1.357668246965487435e-01
-1.357668246965483549e-01
-1.357668246965487158e-01
-1.357668246965483272e-01
-9.344694011875783954e-03
-9.344694011875837730e-03
-9.344694011875783954e-03
-9.344694011875837730e-03
-9.344694011876163858e-03
-9.344694011876221104e-03
-9.344694011876172532e-03
-9.344694011876224574e-03
-1.349638996208120667e-01
-1.349638996208120112e-01
-1.349638996208122610e-01
-1.349638996208122332e-01
-1.349638996206521946e-01
-1.349638996206522223e-01
-1.349638996206531938e-01
-1.349638996206531660e-01
2.624140190536733974e-01
2.624140190536724537e-01
2.624140190536738970e-01
2.624140190536729533e-01
2.624140190533170713e-01
2.624140190533170713e-01
2.624140190533191253e-01
2.624140190533191808e-01
-1.349638996208206987e-01
-1.349638996208210318e-01
-1.349638996208206709e-01
-1.349638996208210873e-01
-1.349638996206626029e-01
-1.349638996206622421e-01
-1.349638996206626307e-01
-1.349638996206622421e-01
-1.142227664578259090e-02
-1.142227664578257008e-02
-1.142227664578259090e-02
-1.142227664578256488e-02
-1.142227664578288580e-02
-1.142227664578286152e-02
-1.142227664578288580e-02
-1.142227664578285805e-02
2.624140190537030959e-01
2.624140190537042616e-01
2.624140190537030959e-01
2.624140190537043171e-01
2.624140190533426620e-01
2.624140190533419958e-01
2.624140190533427175e-01
2.624140190533419403e-01
-1.142227664578249896e-02
-1.142227664578252151e-02
-1.142227664578249723e-02
-1.142227664578251978e-02
-1.142227664578279907e-02
-1.142227664578281815e-02
-1.142227664578279560e-02
-1.142227664578283203e-02
-1.135581121363326562e-01
-1.135581121363322815e-01
-1.135581121363328228e-01
-1.135581121363324203e-01
-1.135581121362014001e-01
-1.135581121362012197e-01
-1.135581121362021634e-01
-1.135581121362019691e-01
-1.392420213252781591e-01
-1.392420213252785199e-01
-1.392420213252784367e-01
-1.392420213252787975e-01
-1.392420213251093497e-01
-1.392420213251093775e-01
-1.392420213251103212e-01
-1.392420213251103767e-01
-1.135581121363399976e-01
-1.135581121363403168e-01
-1.135581121363400392e-01
-1.135581121363403306e-01
-1.135581121362106427e-01
-1.135581121362102680e-01
-1.135581121362106427e-01
-1.135581121362102819e-01
-9.722263483363316472e-03
-9.722263483363231470e-03
-9.722263483363321676e-03
-9.722263483363228001e-03
-9.722263483364197711e-03
-9.722263483364095363e-03
-9.722263483364202916e-03
-9.722263483364088424e-03
-1.392420213252883454e-01
-1.392420213252887340e-01
-1.392420213252883454e-01
-1.392420213252887062e-01
-1.392420213251208683e-01
-1.392420213251204519e-01
-1.392420213251208960e-01
-1.392420213251204519e-01
-9.722263483363297390e-03
-9.722263483363191572e-03
-9.722263483363293921e-03
-9.722263483363196776e-03
-9.722263483364171691e-03
-9.722263483364055464e-03
-9.722263483364173425e-03
-9.722263483364055464e-03
-1.554672643844625703e-02
-1.554672643844624835e-02
-1.554672643844626570e-02
-1.554672643844625529e-02
-1.554672643843723646e-02
-1.554672643843720177e-02
-1.554672643843728851e-02
-1.554672643843726075e-02
-1.007355839120328694e-01
-1.007355839120327029e-01
-1.007355839120330221e-01
-1.007355839120328833e-01
-1.007355839119207647e-01
-1.007355839119207508e-01
-1.007355839119214447e-01
-1.007355839119213892e-01
-1.554672643844680346e-02
-1.554672643844682255e-02
-1.554672643844681387e-02
-1.554672643844682602e-02
-1.554672643843822005e-02
-1.554672643843817322e-02
-1.554672643843822873e-02
-1.554672643843816801e-02
-1.201398850720468772e-02
-1.201398850720469466e-02
-1.201398850720469640e-02
-1.201398850720470160e-02
-1.201398850720149583e-02
-1.201398850720152012e-02
-1.201398850720151491e-02
-1.201398850720154614e-02
-1.007355839120398500e-01
-1.007355839120401136e-01
-1.007355839120398083e-01
-1.007355839120400998e-01
-1.007355839119280366e-01
-1.007355839119277452e-01
-1.007355839119280644e-01
-1.007355839119277591e-01
-1.201398850720500518e-02
-1.201398850720501038e-02
-1.201398850720501038e-02
-1.201398850720500171e-02
-1.201398850720171094e-02
-1.201398850720168839e-02
-1.201398850720171961e-02
-1.201398850720168665e-02
-9.858313399951562639e-02
-9.858313399951521006e-02
-9.858313399951577904e-02
-9.858313399951537659e-02
-9.858313399940407673e-02
-9.858313399940406285e-02
-9.858313399940470123e-02
-9.858313399940470123e-02
-1.030187844298563887e-01
-1.030187844298567912e-01
-1.030187844298565275e-01
-1.030187844298569577e-01
-1.030187844297314470e-01
-1.030187844297308086e-01
-1.030187844297322242e-01
-1.030187844297315441e-01
-9.858313399952167710e-02
-9.858313399952187139e-02
-9.858313399952167710e-02
-9.858313399952203793e-02
-9.858313399941215360e-02
-9.858313399941191768e-02
-9.858313399941215360e-02
-9.858313399941209809e-02
-9.980836986775893510e-03
-9.980836986775905653e-03
-9.980836986775896980e-03
-9.980836986775907388e-03
-9.980836986776615155e-03
-9.980836986776613420e-03
-9.980836986776613420e-03
-9.980836986776611686e-03
-1.030187844298627309e-01
-1.030187844298628835e-01
-1.030187844298627031e-01
-1.030187844298632721e-01
-1.030187844297402039e-01
-1.030187844297398569e-01
-1.030187844297401900e-01
-1.030187844297398708e-01
-9.980836986775877898e-03
-9.980836986775820652e-03
-9.980836986775870959e-03
-9.980836986775824121e-03
-9.980836986776583930e-03
-9.980836986776528419e-03
-9.980836986776583930e-03
-9.980836986776544031e-03
-3.696208663532249417e-02
-3.696208663532220273e-02
-3.696208663532254274e-02
-3.696208663532224437e-02
-3.696208663528724458e-02
-3.696208663528716826e-02
-3.696208663528745969e-02
-3.696208663528737642e-02
-6.509590588159142044e-02
-6.509590588159115676e-02
-6.509590588159153146e-02
-6.509590588159125391e-02
-6.509590588152372459e-02
-6.509590588152372459e-02
-6.509590588152411317e-02
-6.509590588152414092e-02
-3.696208663532436073e-02
-3.696208663532442318e-02
-3.696208663532437461e-02
-3.696208663532443012e-02
-3.696208663529002014e-02
-3.696208663528993688e-02
-3.696208663529001320e-02
-3.696208663528993688e-02
-9.090247869727710942e-03
-9.090247869727681451e-03
-9.090247869727704003e-03
-9.090247869727683186e-03
-9.090247869727534000e-03
-9.090247869727544408e-03
-9.090247869727537469e-03
-9.090247869727546143e-03
-6.509590588159530622e-02
-6.509590588159577806e-02
-6.509590588159530622e-02
-6.509590588159576419e-02
-6.509590588152844304e-02
-6.509590588152851243e-02
-6.509590588152842916e-02
-6.509590588152851243e-02
-9.090247869727790739e-03
-9.090247869727806351e-03
-9.090247869727787269e-03
-9.090247869727815025e-03
-9.090247869727634614e-03
-9.090247869727638083e-03
-9.090247869727631144e-03
-9.090247869727629410e-03
